ratio; opt_2; err_2; ratio; generations_2; err_2; ratio; opt_4; err_4; ratio; generations_4; err_4; ratio; opt_8; err_8; ratio; generations_8; err_8; ratio; opt_16; err_16; ratio; generations_16; err_16; ratio; opt_32; err_32; ratio; generations_32; err_32; 
0,000; 0,019; 0,046; 0,000; 1870,920; 922,725; 0,000; 0,407; 0,179; 0,000; 3000,000; 0,000; 0,000; 0,815; 0,134; 0,000; 3000,000; 0,000; 0,000; 0,979; 0,032; 0,000; 3000,000; 0,000; 0,000; 1,011; 0,003; 0,000; 3000,000; 0,000; 
0,050; 0,017; 0,037; 0,050; 1841,180; 899,334; 0,050; 0,416; 0,193; 0,050; 3000,000; 0,000; 0,050; 0,827; 0,136; 0,050; 3000,000; 0,000; 0,050; 0,968; 0,065; 0,050; 3000,000; 0,000; 0,050; 1,010; 0,007; 0,050; 3000,000; 0,000; 
0,100; 0,021; 0,062; 0,100; 1748,460; 988,235; 0,100; 0,392; 0,192; 0,100; 3000,000; 0,000; 0,100; 0,822; 0,145; 0,100; 3000,000; 0,000; 0,100; 0,976; 0,044; 0,100; 3000,000; 0,000; 0,100; 1,011; 0,004; 0,100; 3000,000; 0,000; 
0,150; 0,013; 0,025; 0,150; 1996,780; 857,681; 0,150; 0,414; 0,175; 0,150; 3000,000; 0,000; 0,150; 0,829; 0,150; 0,150; 3000,000; 0,000; 0,150; 0,974; 0,045; 0,150; 3000,000; 0,000; 0,150; 1,012; 0,003; 0,150; 3000,000; 0,000; 
0,200; 0,016; 0,033; 0,200; 1850,220; 1002,489; 0,200; 0,413; 0,220; 0,200; 3000,000; 0,000; 0,200; 0,806; 0,132; 0,200; 3000,000; 0,000; 0,200; 0,979; 0,032; 0,200; 3000,000; 0,000; 0,200; 1,012; 0,003; 0,200; 3000,000; 0,000; 
0,250; 0,019; 0,034; 0,250; 1752,500; 982,420; 0,250; 0,465; 0,209; 0,250; 3000,000; 0,000; 0,250; 0,806; 0,145; 0,250; 3000,000; 0,000; 0,250; 0,980; 0,045; 0,250; 3000,000; 0,000; 0,250; 1,012; 0,003; 0,250; 3000,000; 0,000; 
0,300; 0,003; 0,011; 0,300; 1684,800; 758,627; 0,300; 0,443; 0,202; 0,300; 3000,000; 0,000; 0,300; 0,829; 0,154; 0,300; 3000,000; 0,000; 0,300; 0,981; 0,042; 0,300; 3000,000; 0,000; 0,300; 1,011; 0,003; 0,300; 3000,000; 0,000; 
0,350; 0,024; 0,063; 0,350; 1877,420; 899,797; 0,350; 0,427; 0,198; 0,350; 3000,000; 0,000; 0,350; 0,809; 0,176; 0,350; 3000,000; 0,000; 0,350; 0,975; 0,045; 0,350; 3000,000; 0,000; 0,350; 1,011; 0,004; 0,350; 3000,000; 0,000; 
0,400; 0,004; 0,012; 0,400; 1636,000; 828,391; 0,400; 0,389; 0,177; 0,400; 3000,000; 0,000; 0,400; 0,774; 0,144; 0,400; 3000,000; 0,000; 0,400; 0,985; 0,029; 0,400; 3000,000; 0,000; 0,400; 1,011; 0,006; 0,400; 3000,000; 0,000; 
0,450; 0,011; 0,024; 0,450; 1881,440; 903,151; 0,450; 0,383; 0,195; 0,450; 3000,000; 0,000; 0,450; 0,797; 0,167; 0,450; 3000,000; 0,000; 0,450; 0,985; 0,036; 0,450; 3000,000; 0,000; 0,450; 1,011; 0,003; 0,450; 3000,000; 0,000; 
0,500; 0,014; 0,034; 0,500; 1889,180; 879,155; 0,500; 0,409; 0,206; 0,500; 3000,000; 0,000; 0,500; 0,833; 0,143; 0,500; 3000,000; 0,000; 0,500; 0,971; 0,045; 0,500; 3000,000; 0,000; 0,500; 1,011; 0,003; 0,500; 3000,000; 0,000; 
0,550; 0,010; 0,025; 0,550; 1869,400; 779,206; 0,550; 0,386; 0,202; 0,550; 3000,000; 0,000; 0,550; 0,817; 0,149; 0,550; 3000,000; 0,000; 0,550; 0,985; 0,035; 0,550; 3000,000; 0,000; 0,550; 1,012; 0,003; 0,550; 3000,000; 0,000; 
0,600; 0,013; 0,038; 0,600; 1857,120; 823,488; 0,600; 0,364; 0,190; 0,600; 3000,000; 0,000; 0,600; 0,833; 0,136; 0,600; 3000,000; 0,000; 0,600; 0,978; 0,052; 0,600; 3000,000; 0,000; 0,600; 1,011; 0,004; 0,600; 3000,000; 0,000; 
0,650; 0,014; 0,030; 0,650; 1777,920; 907,267; 0,650; 0,386; 0,226; 0,650; 3000,000; 0,000; 0,650; 0,814; 0,140; 0,650; 3000,000; 0,000; 0,650; 0,983; 0,028; 0,650; 3000,000; 0,000; 0,650; 1,011; 0,006; 0,650; 3000,000; 0,000; 
0,700; 0,009; 0,020; 0,700; 1951,900; 895,007; 0,700; 0,422; 0,203; 0,700; 3000,000; 0,000; 0,700; 0,813; 0,118; 0,700; 3000,000; 0,000; 0,700; 0,970; 0,045; 0,700; 3000,000; 0,000; 0,700; 1,011; 0,003; 0,700; 3000,000; 0,000; 
0,750; 0,012; 0,029; 0,750; 1669,040; 891,539; 0,750; 0,439; 0,201; 0,750; 3000,000; 0,000; 0,750; 0,832; 0,130; 0,750; 3000,000; 0,000; 0,750; 0,978; 0,033; 0,750; 3000,000; 0,000; 0,750; 1,011; 0,003; 0,750; 3000,000; 0,000; 
0,800; 0,019; 0,039; 0,800; 1797,480; 866,750; 0,800; 0,356; 0,187; 0,800; 3000,000; 0,000; 0,800; 0,820; 0,117; 0,800; 3000,000; 0,000; 0,800; 0,973; 0,045; 0,800; 3000,000; 0,000; 0,800; 1,011; 0,004; 0,800; 3000,000; 0,000; 
0,850; 0,016; 0,043; 0,850; 1758,240; 893,534; 0,850; 0,372; 0,205; 0,850; 3000,000; 0,000; 0,850; 0,785; 0,169; 0,850; 3000,000; 0,000; 0,850; 0,976; 0,034; 0,850; 3000,000; 0,000; 0,850; 1,010; 0,006; 0,850; 3000,000; 0,000; 
0,900; 0,019; 0,038; 0,900; 2018,420; 869,056; 0,900; 0,409; 0,216; 0,900; 3000,000; 0,000; 0,900; 0,815; 0,141; 0,900; 3000,000; 0,000; 0,900; 0,980; 0,032; 0,900; 3000,000; 0,000; 0,900; 1,011; 0,007; 0,900; 3000,000; 0,000; 
0,950; 0,014; 0,030; 0,950; 1678,780; 983,222; 0,950; 0,397; 0,214; 0,950; 3000,000; 0,000; 0,950; 0,810; 0,141; 0,950; 3000,000; 0,000; 0,950; 0,983; 0,029; 0,950; 3000,000; 0,000; 0,950; 1,010; 0,005; 0,950; 3000,000; 0,000; 
1,000; 0,012; 0,046; 1,000; 1713,900; 872,127; 1,000; 0,392; 0,193; 1,000; 3000,000; 0,000; 1,000; 0,823; 0,129; 1,000; 3000,000; 0,000; 1,000; 0,969; 0,043; 1,000; 3000,000; 0,000; 1,000; 1,012; 0,003; 1,000; 3000,000; 0,000; 
