0; 4,88158219; 
1; 1,83295960; 
2; 1,83295960; 
3; 1,81318773; 
4; 1,81078862; 
5; 1,55999692; 
6; 1,54716298; 
7; 1,51575202; 
8; 1,51575202; 
9; 1,35820353; 
10; 1,39239937; 
11; 1,38869283; 
12; 1,29211061; 
13; 1,32833780; 
14; 1,32833780; 
15; 1,01836661; 
16; 1,32838712; 
17; 1,32838712; 
18; 0,94244072; 
19; 0,86677827; 
20; 0,84793221; 
21; 0,84793221; 
22; 0,86517675; 
23; 0,87141280; 
24; 0,86465795; 
25; 0,66204325; 
26; 0,66204325; 
27; 0,59573136; 
28; 0,62445637; 
29; 0,36752866; 
30; 0,36752866; 
31; 0,32485612; 
32; 0,53741597; 
33; 0,34442655; 
34; 0,52876579; 
35; 0,52888620; 
36; 0,52888620; 
37; 0,52888620; 
38; 0,52888620; 
39; 0,52888620; 
40; 0,52888620; 
41; 0,52888620; 
42; 0,52888620; 
43; 0,52888620; 
44; 0,36336775; 
45; 0,52888620; 
46; 0,52888620; 
47; 0,52888620; 
48; 0,52888620; 
49; 0,52888620; 
50; 0,52888620; 
51; 0,52888620; 
52; 0,52888620; 
53; 0,52888620; 
54; 0,36638321; 
55; 0,52888620; 
56; 0,52888620; 
57; 0,52888620; 
58; 0,52888620; 
59; 0,52888620; 
60; 0,52888620; 
61; 0,48629305; 
62; 0,33222180; 
63; 0,33222180; 
64; 0,33222180; 
65; 0,34858866; 
66; 0,38812896; 
67; 0,38812896; 
68; 0,38812896; 
69; 0,38812896; 
70; 0,38812896; 
71; 0,35461173; 
72; 0,33712247; 
73; 0,33712247; 
74; 0,33712247; 
75; 0,33560068; 
76; 0,33450865; 
77; 0,33193975; 
78; 0,33275495; 
79; 0,33275495; 
80; 0,33275495; 
81; 0,33275495; 
82; 0,15686219; 
83; 0,33275495; 
84; 0,33269431; 
85; 0,33195746; 
86; 0,33195746; 
87; 0,33195746; 
88; 0,33195746; 
89; 0,33195746; 
90; 0,14906012; 
91; 0,14075454; 
92; 0,13558870; 
93; 0,13567977; 
94; 0,13541288; 
95; 0,13532802; 
96; 0,13532802; 
97; 0,13532947; 
98; 0,13532947; 
99; 0,09400346; 
100; 0,05650193; 
101; 0,05934727; 
102; 0,05934727; 
103; 0,05934727; 
104; 0,05934727; 
105; 0,05934727; 
106; 0,05016441; 
107; 0,05016441; 
108; 0,04925374; 
109; 0,04925374; 
110; 0,04925374; 
111; 0,04925374; 
112; 0,04925374; 
113; 0,04925374; 
114; 0,04925374; 
115; 0,04925374; 
116; 0,04925374; 
117; 0,04925374; 
118; 0,04925374; 
119; 0,04925374; 
120; 0,04925374; 
121; 0,04925374; 
122; 0,04925374; 
123; 0,04925374; 
124; 0,04925374; 
125; 0,04925374; 
126; 0,04925374; 
127; 0,04925374; 
128; 0,04923189; 
129; 0,04922869; 
130; 0,04922676; 
131; 0,04922676; 
132; 0,04922676; 
133; 0,04922676; 
134; 0,04922676; 
135; 0,04922676; 
136; 0,04922676; 
137; 0,04922676; 
138; 0,03791251; 
139; 0,04922676; 
140; 0,04922676; 
141; 0,04922676; 
142; 0,04922676; 
143; 0,04922676; 
144; 0,04922676; 
145; 0,04922676; 
146; 0,04922676; 
147; 0,04922676; 
148; 0,04922676; 
149; 0,04922676; 
150; 0,04922676; 
151; 0,04922676; 
152; 0,04922676; 
153; 0,04922676; 
154; 0,04922676; 
155; 0,04922676; 
156; 0,04922676; 
157; 0,04922676; 
158; 0,04922676; 
159; 0,04922676; 
160; 0,04922676; 
161; 0,04922676; 
162; 0,04922676; 
163; 0,04922676; 
164; 0,04922676; 
165; 0,04922676; 
166; 0,04922676; 
167; 0,04922676; 
168; 0,04922676; 
169; 0,04922676; 
170; 0,04922676; 
171; 0,04922676; 
172; 0,04922676; 
173; 0,04922676; 
174; 0,04922676; 
175; 0,04922676; 
176; 0,04922676; 
177; 0,04922676; 
178; 0,04562685; 
179; 0,03476577; 
180; 0,04922676; 
181; 0,04926154; 
182; 0,04925217; 
183; 0,04925217; 
184; 0,04925217; 
185; 0,04925217; 
186; 0,04925217; 
187; 0,04925217; 
188; 0,04925217; 
189; 0,04925217; 
190; 0,04925217; 
191; 0,04923701; 
192; 0,04923381; 
193; 0,04923381; 
194; 0,04923381; 
195; 0,04923381; 
196; 0,04923381; 
197; 0,04923381; 
198; 0,04923381; 
199; 0,04922688; 
200; 0,04922726; 
201; 0,04922726; 
202; 0,04922726; 
203; 0,04922726; 
204; 0,04922726; 
205; 0,04922726; 
206; 0,04922726; 
207; 0,04922726; 
208; 0,04922726; 
209; 0,04922726; 
210; 0,04922726; 
211; 0,04922726; 
212; 0,04922726; 
213; 0,04922726; 
214; 0,04922726; 
215; 0,04110369; 
216; 0,04922726; 
217; 0,04922726; 
218; 0,04922726; 
219; 0,04922726; 
220; 0,04922726; 
221; 0,04922726; 
222; 0,04922726; 
223; 0,04922726; 
224; 0,04922726; 
225; 0,04922726; 
226; 0,04922726; 
227; 0,04922726; 
228; 0,04251381; 
229; 0,04922726; 
230; 0,04922726; 
231; 0,04922726; 
232; 0,04922726; 
233; 0,04922726; 
234; 0,04922726; 
235; 0,04922726; 
236; 0,04922726; 
237; 0,04922726; 
238; 0,00073862; 
239; 0,04289198; 
240; 0,04922726; 
241; 0,04922726; 
242; 0,04922726; 
243; 0,04922726; 
244; 0,04922726; 
245; 0,04922726; 
246; 0,04922726; 
247; 0,04922726; 
248; 0,04922726; 
249; 0,04922726; 
250; 0,04922726; 
251; 0,04922726; 
252; 0,04922726; 
253; 0,04922726; 
254; 0,04922726; 
255; 0,04922726; 
256; 0,04922726; 
257; 0,04922726; 
258; 0,04922726; 
259; 0,04922726; 
260; 0,04922726; 
261; 0,04922726; 
262; 0,04922726; 
263; 0,04922726; 
264; 0,04922726; 
265; 0,04922726; 
266; 0,04922726; 
267; 0,04922726; 
268; 0,04922726; 
269; 0,04922726; 
270; 0,04922726; 
271; 0,04922726; 
272; 0,04922726; 
273; 0,04922726; 
274; 0,04922726; 
275; 0,04922726; 
276; 0,04922669; 
277; 0,04922696; 
278; 0,04922696; 
279; 0,04922696; 
280; 0,04922696; 
281; 0,04922696; 
282; 0,04922696; 
283; 0,04922696; 
284; 0,04922696; 
285; 0,04922696; 
286; 0,04922696; 
287; 0,04922696; 
288; 0,04922696; 
289; 0,04922696; 
290; 0,04922696; 
291; 0,04922696; 
292; 0,04922696; 
293; 0,04922696; 
294; 0,04922696; 
295; 0,04922696; 
296; 0,04922696; 
297; 0,04922696; 
298; 0,04922696; 
299; 0,04922696; 
300; 0,04922696; 
301; 0,04922696; 
302; 0,04227921; 
303; 0,04922696; 
304; 0,04922696; 
305; 0,04922696; 
306; 0,04922696; 
307; 0,04922696; 
308; 0,04922696; 
309; 0,04922696; 
310; 0,04922696; 
311; 0,04922696; 
312; 0,04922696; 
313; 0,04922696; 
314; 0,04922696; 
315; 0,04922696; 
316; 0,04922696; 
317; 0,04922696; 
318; 0,04922696; 
319; 0,04922696; 
320; 0,04922696; 
321; 0,04922696; 
322; 0,04922696; 
323; 0,04922696; 
324; 0,04922696; 
325; 0,04922696; 
326; 0,04922696; 
327; 0,04593192; 
328; 0,04922696; 
329; 0,04922696; 
330; 0,04922696; 
331; 0,04922696; 
332; 0,04922696; 
333; 0,04922696; 
334; 0,04922696; 
335; 0,04922696; 
336; 0,04922696; 
337; 0,04922696; 
338; 0,04922696; 
339; 0,04922696; 
340; 0,04922696; 
341; 0,04922696; 
342; 0,04922696; 
343; 0,04922696; 
344; 0,04922696; 
345; 0,04922696; 
346; 0,04922696; 
347; 0,04922696; 
348; 0,04922696; 
349; 0,04922696; 
350; 0,04922696; 
351; 0,04922696; 
352; 0,04922696; 
353; 0,04922696; 
354; 0,04922696; 
355; 0,04922696; 
356; 0,04922696; 
357; 0,04922696; 
358; 0,04922696; 
359; 0,04922696; 
360; 0,04922696; 
361; 0,04922696; 
362; 0,04922696; 
363; 0,04922696; 
364; 0,04922696; 
365; 0,04922696; 
366; 0,04922696; 
367; 0,04922696; 
368; 0,04922696; 
369; 0,04922696; 
370; 0,04922696; 
371; 0,04922696; 
372; 0,04922696; 
373; 0,04922696; 
374; 0,04922696; 
375; 0,04922696; 
376; 0,04922696; 
377; 0,04922696; 
378; 0,04922696; 
379; 0,04922696; 
380; 0,04922696; 
381; 0,04922696; 
382; 0,04922696; 
383; 0,04922696; 
384; 0,04922696; 
385; 0,04922696; 
386; 0,04922696; 
387; 0,04922696; 
388; 0,04922696; 
389; 0,04922696; 
390; 0,04922696; 
391; 0,04922696; 
392; 0,04922696; 
393; 0,04922696; 
394; 0,04922696; 
395; 0,04922696; 
396; 0,04922696; 
397; 0,04922696; 
398; 0,04922696; 
399; 0,04922696; 
400; 0,04922696; 
401; 0,04922696; 
402; 0,04922696; 
403; 0,04922696; 
404; 0,04922696; 
405; 0,04922696; 
406; 0,04922696; 
407; 0,04922696; 
408; 0,04922696; 
409; 0,04922696; 
410; 0,04922696; 
411; 0,04922696; 
412; 0,04922696; 
413; 0,04922696; 
414; 0,04922696; 
415; 0,04922696; 
416; 0,04922696; 
417; 0,04922696; 
418; 0,04922696; 
419; 0,01992316; 
420; 0,04922696; 
421; 0,04922696; 
422; 0,04922696; 
423; 0,04922696; 
424; 0,04922696; 
425; 0,04922696; 
426; 0,04922696; 
427; 0,04922696; 
428; 0,00369935; 
429; 0,01873489; 
430; 0,01030505; 
431; 0,00253171; 
432; 0,00418501; 
433; 0,00034122; 
434; 0,00034122; 
435; 0,00034122; 
436; 0,00006501; 
