0,000000; -9,08204058;
1,000000; -9,08204058;
2,000000; -8,95547073;
3,000000; -8,70499961;
4,000000; -8,78128030;
5,000000; -8,06901589;
6,000000; -8,06901589;
7,000000; -7,34648794;
8,000000; -7,09546299;
9,000000; -6,68481544;
10,000000; -5,82377467;
11,000000; -6,25595106;
12,000000; -6,56571957;
13,000000; -5,46081281;
14,000000; -5,26656729;
15,000000; -4,89415053;
16,000000; -5,14553218;
17,000000; -4,88731036;
18,000000; -4,20546738;
19,000000; -4,03425801;
20,000000; -4,17466872;
21,000000; -3,68157968;
22,000000; -3,49353518;
23,000000; -3,68916011;
24,000000; -3,09603113;
25,000000; -3,09603113;
26,000000; -3,09603113;
27,000000; -3,09603113;
28,000000; -3,09603113;
29,000000; -3,09603113;
30,000000; -3,09603113;
31,000000; -3,54341853;
32,000000; -3,54342363;
33,000000; -3,54342363;
34,000000; -3,54342648;
35,000000; -3,53603783;
36,000000; -3,53603783;
37,000000; -3,54337148;
38,000000; -3,54337148;
39,000000; -3,54337148;
40,000000; -3,54337148;
41,000000; -3,54337148;
42,000000; -3,54337148;
43,000000; -3,54337264;
44,000000; -3,54337264;
45,000000; -3,54337264;
46,000000; -3,54337264;
47,000000; -3,54337264;
48,000000; -3,54337264;
49,000000; -3,54337264;
50,000000; -3,54337264;
51,000000; -3,54337264;
52,000000; -3,49768446;
53,000000; -3,49768446;
54,000000; -3,49768446;
55,000000; -3,48582335;
56,000000; -3,39162701;
57,000000; -3,17584003;
58,000000; -3,11322309;
59,000000; -2,54484546;
60,000000; -2,27947903;
61,000000; -2,55557824;
62,000000; -2,17989823;
63,000000; -2,17989823;
64,000000; -2,17989823;
65,000000; -2,21422359;
66,000000; -1,73163654;
67,000000; -1,87112134;
68,000000; -1,87112134;
69,000000; -1,87112134;
70,000000; -1,54876666;
71,000000; -1,54876666;
72,000000; -1,54876666;
73,000000; -1,87071048;
74,000000; -1,87071048;
75,000000; -1,87071048;
76,000000; -1,75747380;
77,000000; -1,70352077;
78,000000; -1,69064601;
79,000000; -1,68703889;
80,000000; -1,68703889;
81,000000; -1,63443365;
82,000000; -1,68669025;
83,000000; -1,68669025;
84,000000; -1,68669025;
85,000000; -1,68692896;
86,000000; -1,51315238;
87,000000; -1,51315238;
88,000000; -1,51315238;
89,000000; -1,57163218;
90,000000; -1,60285815;
91,000000; -1,68736858;
92,000000; -1,68736858;
93,000000; -1,31110839;
94,000000; -1,31110839;
95,000000; -1,58949096;
96,000000; -1,36390299;
97,000000; -1,30026622;
98,000000; -1,53611412;
99,000000; -1,61587459;
100,000000; -1,61587459;
101,000000; -1,61587459;
102,000000; -1,63200054;
103,000000; -1,46546425;
104,000000; -1,57833547;
105,000000; -1,43302117;
106,000000; -1,39344303;
107,000000; -1,36585420;
108,000000; -1,33268485;
109,000000; -1,33268485;
110,000000; -1,31005035;
111,000000; -1,33063898;
112,000000; -1,32985934;
113,000000; -1,32985934;
114,000000; -1,33002407;
115,000000; -1,33002407;
116,000000; -1,33002407;
117,000000; -1,33021552;
118,000000; -1,33021552;
119,000000; -1,33021552;
120,000000; -1,33021552;
121,000000; -1,33021552;
122,000000; -1,33021552;
123,000000; -1,33022187;
124,000000; -1,33022187;
125,000000; -1,33022187;
126,000000; -1,33022347;
127,000000; -1,33022451;
128,000000; -1,33022451;
129,000000; -1,33022451;
130,000000; -1,07124015;
131,000000; -1,07124015;
132,000000; -1,05294071;
133,000000; -1,04659909;
134,000000; -1,04659909;
135,000000; -1,04470502;
136,000000; -0,80764216;
137,000000; -0,80764216;
138,000000; -1,04301554;
139,000000; -1,04301554;
140,000000; -1,04297802;
141,000000; -1,04297802;
142,000000; -1,04307447;
143,000000; -1,04311058;
144,000000; -1,04313042;
145,000000; -1,04313042;
146,000000; -1,04313557;
147,000000; -1,04314610;
148,000000; -1,04314610;
149,000000; -1,04314610;
150,000000; -1,04314610;
151,000000; -1,04314610;
152,000000; -1,04314610;
153,000000; -1,04314610;
154,000000; -1,04314610;
155,000000; -0,90196945;
156,000000; -0,90196945;
157,000000; -0,90196945;
158,000000; -0,90196945;
159,000000; -0,90196945;
160,000000; -0,90196945;
161,000000; -0,90196945;
162,000000; -0,90196945;
163,000000; -0,90196945;
164,000000; -0,89770656;
165,000000; -0,89770656;
166,000000; -0,89770656;
167,000000; -1,03102588;
168,000000; -1,02672579;
169,000000; -1,07166656;
170,000000; -1,06777709;
171,000000; -1,04176699;
172,000000; -1,04176699;
173,000000; -1,04430024;
174,000000; -0,82940927;
175,000000; -0,82940927;
176,000000; -0,81089462;
177,000000; -1,04113079;
178,000000; -1,04113079;
179,000000; -0,83824365;
180,000000; -1,02903528;
181,000000; -1,05715111;
182,000000; -1,05715111;
183,000000; -1,05126140;
184,000000; -1,05019657;
185,000000; -1,04972065;
186,000000; -1,04972065;
187,000000; -1,04970695;
188,000000; -1,04965081;
189,000000; -1,04073960;
190,000000; -1,04965081;
191,000000; -1,04965081;
192,000000; -1,03924056;
193,000000; -1,04364851;
194,000000; -1,04169177;
195,000000; -1,03155472;
196,000000; -0,93342557;
197,000000; -0,93342557;
198,000000; -0,89930252;
199,000000; -0,89930252;
200,000000; -0,89930252;
201,000000; -0,89930252;
202,000000; -0,64166830;
203,000000; -0,64166830;
204,000000; -0,64166830;
205,000000; -0,64166830;
206,000000; -0,62812760;
207,000000; -0,62856005;
208,000000; -0,62879886;
209,000000; -0,62937652;
210,000000; -0,63031439;
211,000000; -0,63031439;
212,000000; -0,63087382;
213,000000; -0,63093262;
214,000000; -0,63093262;
215,000000; -0,45357481;
216,000000; -0,63093262;
217,000000; -0,62852498;
218,000000; -0,62809890;
219,000000; -0,62789618;
220,000000; -0,62789368;
221,000000; -0,62797034;
222,000000; -0,62797034;
223,000000; -0,62802813;
224,000000; -0,62802813;
225,000000; -0,62802813;
226,000000; -0,62802813;
227,000000; -0,62802813;
228,000000; -0,62802813;
229,000000; -0,62802813;
230,000000; -0,62772018;
231,000000; -0,62802813;
232,000000; -0,59236430;
233,000000; -0,59236430;
234,000000; -0,62802813;
235,000000; -0,62790856;
236,000000; -0,62802813;
237,000000; -0,62802813;
238,000000; -0,62802813;
239,000000; -0,62802813;
240,000000; -0,59128619;
241,000000; -0,63697483;
242,000000; -0,63383198;
243,000000; -0,63383198;
244,000000; -0,63383198;
245,000000; -0,63383198;
246,000000; -0,63383198;
247,000000; -0,63383198;
248,000000; -0,63202762;
249,000000; -0,63202762;
250,000000; -0,63243571;
251,000000; -0,63243571;
252,000000; -0,63243571;
253,000000; -0,63243571;
254,000000; -0,63243571;
255,000000; -0,63251542;
256,000000; -0,63251542;
257,000000; -0,63179746;
258,000000; -0,62988570;
259,000000; -0,63179746;
260,000000; -0,63188720;
261,000000; -0,63212359;
262,000000; -0,63217557;
263,000000; -0,63217557;
264,000000; -0,55364599;
265,000000; -0,55364599;
266,000000; -0,61455497;
267,000000; -0,78646826;
268,000000; -0,78646826;
269,000000; -0,69805197;
270,000000; -0,46603685;
271,000000; -0,35639886;
272,000000; -0,51619864;
273,000000; -0,45313775;
274,000000; -0,45155898;
275,000000; -0,44419284;
276,000000; -0,44419284;
277,000000; -0,44419284;
278,000000; -0,44419284;
279,000000; -0,44419284;
280,000000; -0,44419284;
281,000000; -0,44419284;
282,000000; -0,44419284;
283,000000; -0,44417578;
284,000000; -0,44417578;
285,000000; -0,44417406;
286,000000; -0,44417406;
287,000000; -0,44417406;
288,000000; -0,44417406;
289,000000; -0,44417412;
290,000000; -0,40994996;
291,000000; -0,44417432;
292,000000; -0,44417437;
293,000000; -0,44417437;
294,000000; -0,44417437;
295,000000; -0,44417437;
296,000000; -0,44573365;
297,000000; -0,44573365;
298,000000; -0,44573394;
299,000000; -0,44573394;
300,000000; -0,44636765;
301,000000; -0,44629619;
302,000000; -0,44623437;
303,000000; -0,44623437;
304,000000; -0,44623437;
305,000000; -0,44626245;
306,000000; -0,44646663;
307,000000; -0,44647445;
308,000000; -0,44647445;
309,000000; -0,44647664;
310,000000; -0,44647664;
311,000000; -0,44647664;
312,000000; -0,44647664;
313,000000; -0,44647692;
314,000000; -0,44647692;
315,000000; -0,44647692;
316,000000; -0,44647692;
317,000000; -0,26779336;
318,000000; -0,44647706;
319,000000; -0,44647713;
320,000000; -0,44648265;
321,000000; -0,44648265;
322,000000; -0,44361282;
323,000000; -0,44361282;
324,000000; -0,44351133;
325,000000; -0,44351133;
326,000000; -0,44351133;
327,000000; -0,44461397;
328,000000; -0,44545369;
329,000000; -0,44545369;
330,000000; -0,44545369;
331,000000; -0,44557207;
332,000000; -0,44557207;
333,000000; -0,44756898;
334,000000; -0,44971388;
335,000000; -0,40048957;
336,000000; -0,40048957;
337,000000; -0,45539190;
338,000000; -0,35160093;
339,000000; -0,35160093;
340,000000; -0,46290480;
341,000000; -0,36148691;
342,000000; -0,23050446;
343,000000; -0,23050446;
344,000000; -0,21308991;
345,000000; -0,29953767;
346,000000; -0,29953767;
347,000000; -0,24325653;
348,000000; -0,29953767;
349,000000; -0,28993913;
350,000000; -0,28993913;
351,000000; -0,20066905;
352,000000; -0,20029255;
353,000000; -0,20029255;
354,000000; -0,20200616;
355,000000; -0,20200616;
356,000000; -0,20200616;
357,000000; -0,20759051;
358,000000; -0,20356199;
359,000000; -0,20356199;
360,000000; -0,20356199;
361,000000; -0,20419190;
362,000000; -0,20470208;
363,000000; -0,20470208;
364,000000; -0,20516118;
365,000000; -0,20564439;
366,000000; -0,20564439;
367,000000; -0,20030380;
368,000000; -0,20564439;
369,000000; -0,20589504;
370,000000; -0,20589504;
371,000000; -0,20589504;
372,000000; -0,20589504;
373,000000; -0,20525976;
374,000000; -0,20415323;
375,000000; -0,20435064;
376,000000; -0,20427638;
377,000000; -0,16628097;
378,000000; -0,20054365;
379,000000; -0,20054550;
380,000000; -0,20054550;
381,000000; -0,15566606;
382,000000; -0,15566606;
383,000000; -0,20176719;
384,000000; -0,28642074;
385,000000; -0,23517164;
386,000000; -0,17695610;
387,000000; -0,36652575;
388,000000; -0,43871294;
389,000000; -0,41461461;
390,000000; -0,36073540;
391,000000; -0,36073540;
392,000000; -0,24299349;
393,000000; -0,25587782;
394,000000; -0,21525102;
395,000000; -0,21484446;
396,000000; -0,21484446;
397,000000; -0,21525102;
398,000000; -0,21525102;
399,000000; -0,21655362;
400,000000; -0,21655362;
401,000000; -0,21832945;
402,000000; -0,21832945;
403,000000; -0,21832945;
404,000000; -0,21832945;
405,000000; -0,21629379;
406,000000; -0,20037557;
407,000000; -0,20070039;
408,000000; -0,20070039;
409,000000; -0,19954124;
410,000000; -0,20200451;
411,000000; -0,20200451;
412,000000; -0,20200451;
413,000000; -0,20200451;
414,000000; -0,20200451;
415,000000; -0,20129721;
416,000000; -0,19714185;
417,000000; -0,19714185;
418,000000; -0,19714185;
419,000000; -0,19787572;
420,000000; -0,19767093;
421,000000; -0,19767093;
422,000000; -0,19767093;
423,000000; -0,19767093;
424,000000; -0,19767093;
425,000000; -0,19767093;
426,000000; -0,19775503;
427,000000; -0,18411175;
428,000000; -0,18411175;
429,000000; -0,18411175;
430,000000; -0,19798769;
431,000000; -0,26943463;
432,000000; -0,33823052;
433,000000; -0,20626868;
434,000000; -0,19720923;
435,000000; -0,19720923;
436,000000; -0,22476469;
437,000000; -0,21920442;
438,000000; -0,20269303;
439,000000; -0,20269303;
440,000000; -0,20654620;
441,000000; -0,20654620;
442,000000; -0,20654620;
443,000000; -0,20654620;
444,000000; -0,20654620;
445,000000; -0,20654620;
446,000000; -0,20654620;
447,000000; -0,20654620;
448,000000; -0,20654518;
449,000000; -0,20653953;
450,000000; -0,20653953;
451,000000; -0,20653953;
452,000000; -0,20653953;
453,000000; -0,20653953;
454,000000; -0,19339727;
455,000000; -0,19339727;
456,000000; -0,19339727;
457,000000; -0,19339727;
458,000000; -0,13006448;
459,000000; -0,13006448;
460,000000; -0,14321300;
461,000000; -0,20490023;
462,000000; -0,09094750;
463,000000; -0,09094750;
464,000000; -0,09094750;
465,000000; -0,09094750;
466,000000; -0,08000575;
467,000000; -0,08000575;
468,000000; -0,08000575;
469,000000; -0,08000575;
470,000000; -0,08100882;
471,000000; -0,08100882;
472,000000; -0,08100882;
473,000000; -0,07394993;
474,000000; -0,05259602;
475,000000; -0,06129163;
476,000000; -0,05439755;
477,000000; -0,05439755;
478,000000; -0,05326518;
479,000000; -0,05326518;
480,000000; -0,05326518;
481,000000; -0,05613689;
482,000000; -0,05613689;
483,000000; -0,05613689;
484,000000; -0,05613689;
485,000000; -0,05665661;
486,000000; -0,05714061;
487,000000; -0,05739284;
488,000000; -0,05739284;
489,000000; -0,05739284;
490,000000; -0,05739284;
491,000000; -0,05739284;
492,000000; -0,05739284;
493,000000; -0,05739284;
494,000000; -0,05739284;
495,000000; -0,05739284;
496,000000; -0,05739284;
497,000000; -0,05739284;
498,000000; -0,05739284;
499,000000; -0,05739284;
500,000000; -0,05739284;
501,000000; -0,05739284;
502,000000; -0,05739284;
503,000000; -0,05739284;
504,000000; -0,05739284;
505,000000; -0,05739284;
506,000000; -0,05739284;
507,000000; -0,05739284;
508,000000; -0,05739284;
509,000000; -0,05739284;
510,000000; -0,05739284;
511,000000; -0,05739284;
512,000000; -0,05739284;
513,000000; -0,05739284;
514,000000; -0,05739284;
515,000000; -0,05739284;
516,000000; -0,05739284;
517,000000; -0,05739284;
518,000000; -0,05739284;
519,000000; -0,05739284;
520,000000; -0,05739284;
521,000000; -0,05789991;
522,000000; -0,05789991;
523,000000; -0,05789991;
524,000000; -0,05789991;
525,000000; -0,05393015;
526,000000; -0,05433480;
527,000000; -0,05538353;
528,000000; -0,05538353;
529,000000; -0,05572260;
530,000000; -0,05572260;
531,000000; -0,05572260;
532,000000; -0,05216019;
533,000000; -0,05216019;
534,000000; -0,05087053;
535,000000; -0,05087053;
536,000000; -0,05120544;
537,000000; -0,05120544;
538,000000; -0,05120544;
539,000000; -0,05120544;
540,000000; -0,05120544;
541,000000; -0,05120544;
542,000000; -0,05126578;
543,000000; -0,04322701;
544,000000; -0,04322701;
545,000000; -0,04322701;
546,000000; -0,04322701;
547,000000; -0,05141207;
548,000000; -0,05164117;
549,000000; -0,05164117;
550,000000; -0,05302356;
551,000000; -0,05302356;
552,000000; -0,05302356;
553,000000; -0,05002813;
554,000000; -0,05117401;
555,000000; -0,05117401;
556,000000; -0,05117401;
557,000000; -0,05117401;
558,000000; -0,05139340;
559,000000; -0,05148905;
560,000000; -0,05148905;
561,000000; -0,05179907;
562,000000; -0,05179907;
563,000000; -0,05179907;
564,000000; -0,05179907;
565,000000; -0,05207577;
566,000000; -0,05207577;
567,000000; -0,05207577;
568,000000; -0,05208141;
569,000000; -0,05208141;
570,000000; -0,05208141;
571,000000; -0,05208212;
572,000000; -0,05208247;
573,000000; -0,05208265;
574,000000; -0,05027408;
575,000000; -0,05022827;
576,000000; -0,05022827;
577,000000; -0,05022827;
578,000000; -0,05091832;
579,000000; -0,05091832;
580,000000; -0,05091832;
581,000000; -0,05091832;
582,000000; -0,05103800;
583,000000; -0,05103800;
584,000000; -0,05179058;
585,000000; -0,05228113;
586,000000; -0,05228113;
587,000000; -0,05228113;
588,000000; -0,05228113;
589,000000; -0,05228113;
590,000000; -0,06558182;
591,000000; -0,06558182;
592,000000; -0,06558182;
593,000000; -0,06558182;
594,000000; -0,06558182;
595,000000; -0,06558182;
596,000000; -0,07984054;
597,000000; -0,05404956;
598,000000; -0,05568703;
599,000000; -0,05568703;
600,000000; -0,05646835;
601,000000; -0,05544968;
602,000000; -0,05541131;
603,000000; -0,05541131;
604,000000; -0,05539123;
605,000000; -0,05539123;
606,000000; -0,05432092;
607,000000; -0,05432092;
608,000000; -0,05432092;
609,000000; -0,05432092;
610,000000; -0,04939365;
611,000000; -0,04939365;
612,000000; -0,05453679;
613,000000; -0,05453679;
614,000000; -0,05479110;
615,000000; -0,19595144;
616,000000; -0,14683545;
617,000000; -0,08407328;
618,000000; -0,07163681;
619,000000; -0,08734587;
620,000000; -0,08734587;
621,000000; -0,08734587;
622,000000; -0,08734587;
623,000000; -0,08573219;
624,000000; -0,08573219;
625,000000; -0,08264765;
626,000000; -0,05281926;
627,000000; -0,07296962;
628,000000; -0,06490686;
629,000000; -0,06250333;
630,000000; -0,06573901;
631,000000; -0,05599245;
632,000000; -0,05599245;
633,000000; -0,05599245;
634,000000; -0,05599245;
635,000000; -0,05696290;
636,000000; -0,05907502;
637,000000; -0,06022663;
638,000000; -0,06144181;
639,000000; -0,06144181;
640,000000; -0,06144181;
641,000000; -0,06207322;
642,000000; -0,06207322;
643,000000; -0,22042526;
644,000000; -0,27211138;
645,000000; -0,27211138;
646,000000; -0,25751825;
647,000000; -0,10167660;
648,000000; -0,10167660;
649,000000; -0,10167660;
650,000000; -0,10167660;
651,000000; -0,10167660;
652,000000; -0,05617755;
653,000000; -0,04254500;
654,000000; -0,08789331;
655,000000; -0,06249819;
656,000000; -0,05816789;
657,000000; -0,05700753;
658,000000; -0,05617339;
659,000000; -0,05617339;
660,000000; -0,05611697;
661,000000; -0,05611697;
662,000000; -0,05611697;
663,000000; -0,05611697;
664,000000; -0,05261747;
665,000000; -0,05209178;
666,000000; -0,05178550;
667,000000; -0,05178550;
668,000000; -0,05617339;
669,000000; -0,05617339;
670,000000; -0,05738509;
671,000000; -0,05738509;
672,000000; -0,04516652;
673,000000; -0,04516652;
674,000000; -0,06805986;
675,000000; -0,06805986;
676,000000; -0,06805986;
677,000000; -0,04946709;
678,000000; -0,04928026;
679,000000; -0,04928026;
680,000000; -0,04928026;
681,000000; -0,04928026;
682,000000; -0,04928026;
683,000000; -0,04925014;
684,000000; -0,04926162;
685,000000; -0,04929518;
686,000000; -0,04929518;
687,000000; -0,04923416;
688,000000; -0,04923416;
689,000000; -0,04923416;
690,000000; -0,04923416;
691,000000; -0,04923416;
692,000000; -0,04925936;
693,000000; -0,04925936;
694,000000; -0,04925936;
695,000000; -0,04925936;
696,000000; -0,04926496;
697,000000; -0,04926796;
698,000000; -0,04926796;
699,000000; -0,04926951;
700,000000; -0,04926951;
701,000000; -0,04926951;
702,000000; -0,04926951;
703,000000; -0,04926951;
704,000000; -0,04926951;
705,000000; -0,04926951;
706,000000; -0,04926951;
707,000000; -0,04926951;
708,000000; -0,05542744;
709,000000; -0,05883235;
710,000000; -0,05883235;
711,000000; -0,06007130;
712,000000; -0,05573945;
713,000000; -0,05573945;
714,000000; -0,05317409;
715,000000; -0,05317409;
716,000000; -0,05317409;
717,000000; -0,05317409;
718,000000; -0,05317409;
719,000000; -0,05317409;
720,000000; -0,05401229;
721,000000; -0,05401229;
722,000000; -0,05401229;
723,000000; -0,05401229;
724,000000; -0,05401229;
725,000000; -0,05151427;
726,000000; -0,05072914;
727,000000; -0,05072914;
728,000000; -0,05072914;
729,000000; -0,05072914;
730,000000; -0,05072914;
731,000000; -0,05072914;
732,000000; -0,05036899;
733,000000; -0,05072914;
734,000000; -0,05072914;
735,000000; -0,05072914;
736,000000; -0,04977825;
737,000000; -0,04995665;
738,000000; -0,04995665;
739,000000; -0,04995665;
740,000000; -0,04995665;
741,000000; -0,04956961;
742,000000; -0,04956961;
743,000000; -0,04959385;
744,000000; -0,04966644;
745,000000; -0,04966644;
746,000000; -0,04966644;
747,000000; -0,04966644;
748,000000; -0,04967892;
749,000000; -0,04967892;
750,000000; -0,04967892;
751,000000; -0,04968053;
752,000000; -0,04968053;
753,000000; -0,04968053;
754,000000; -0,04968053;
755,000000; -0,04968053;
756,000000; -0,04968053;
757,000000; -0,04968053;
758,000000; -0,04968053;
759,000000; -0,04968053;
760,000000; -0,04968053;
761,000000; -0,04968053;
762,000000; -0,04968053;
763,000000; -0,04968053;
764,000000; -0,04968053;
765,000000; -0,04968053;
766,000000; -0,04968053;
767,000000; -0,04968053;
768,000000; -0,04968053;
769,000000; -0,04968053;
770,000000; -0,04968053;
771,000000; -0,04948922;
772,000000; -0,04950253;
773,000000; -0,04957094;
774,000000; -0,04962059;
775,000000; -0,04962059;
776,000000; -0,04962059;
777,000000; -0,04962059;
778,000000; -0,04962059;
779,000000; -0,04962059;
780,000000; -0,04962059;
781,000000; -0,04962059;
782,000000; -0,04962059;
783,000000; -0,04962059;
784,000000; -0,04962059;
785,000000; -0,04962059;
786,000000; -0,04962145;
787,000000; -0,04962145;
788,000000; -0,04970775;
789,000000; -0,04970775;
790,000000; -0,04970775;
791,000000; -0,04970775;
792,000000; -0,04970775;
793,000000; -0,04922938;
794,000000; -0,04922938;
795,000000; -0,04922938;
796,000000; -0,04922659;
797,000000; -0,04922659;
798,000000; -0,04923364;
799,000000; -0,04923364;
800,000000; -0,04936676;
801,000000; -0,04934770;
802,000000; -0,04934537;
803,000000; -0,04934537;
804,000000; -0,04934537;
805,000000; -0,04934537;
806,000000; -0,04934601;
807,000000; -0,04931951;
808,000000; -0,04933223;
809,000000; -0,04933892;
810,000000; -0,04933892;
811,000000; -0,04933892;
812,000000; -0,04933892;
813,000000; -0,04933892;
814,000000; -0,04933892;
815,000000; -0,04933892;
816,000000; -0,04933892;
817,000000; -0,04933892;
818,000000; -0,04933892;
819,000000; -0,04933892;
820,000000; -0,04933892;
821,000000; -0,04933892;
822,000000; -0,04933892;
823,000000; -0,04933892;
824,000000; -0,04933892;
825,000000; -0,04933892;
826,000000; -0,04926273;
827,000000; -0,04926273;
828,000000; -0,04926350;
829,000000; -0,04926350;
830,000000; -0,04926350;
831,000000; -0,04926846;
832,000000; -0,04926846;
833,000000; -0,04926846;
834,000000; -0,04926846;
835,000000; -0,04926846;
836,000000; -0,04926929;
837,000000; -0,04926972;
838,000000; -0,04926972;
839,000000; -0,04926972;
840,000000; -0,04926972;
841,000000; -0,04926972;
842,000000; -0,04926972;
843,000000; -0,04926972;
844,000000; -0,04926972;
845,000000; -0,04926974;
846,000000; -0,04926975;
847,000000; -0,04926975;
848,000000; -0,04926975;
849,000000; -0,04926975;
850,000000; -0,04926975;
851,000000; -0,04926975;
852,000000; -0,04926975;
853,000000; -0,04926975;
854,000000; -0,04926975;
855,000000; -0,04926975;
856,000000; -0,04926975;
857,000000; -0,04926975;
858,000000; -0,04926975;
859,000000; -0,04926975;
860,000000; -0,04926975;
861,000000; -0,04926975;
862,000000; -0,04926975;
863,000000; -0,04926975;
864,000000; -0,04926975;
865,000000; -0,04926975;
866,000000; -0,04926975;
867,000000; -0,04926975;
868,000000; -0,04926975;
869,000000; -0,04926975;
870,000000; -0,04926975;
871,000000; -0,04926975;
872,000000; -0,04923399;
873,000000; -0,04934982;
874,000000; -0,04934982;
875,000000; -0,04951086;
876,000000; -0,04951086;
877,000000; -0,04951086;
878,000000; -0,04951086;
879,000000; -0,04951086;
880,000000; -0,04951086;
881,000000; -0,04951086;
882,000000; -0,04953294;
883,000000; -0,04955587;
884,000000; -0,04955587;
885,000000; -0,05052621;
886,000000; -0,05052621;
887,000000; -0,05052621;
888,000000; -0,05052621;
889,000000; -0,05052621;
890,000000; -0,05052621;
891,000000; -0,05052913;
892,000000; -0,05052913;
893,000000; -0,05052913;
894,000000; -0,04444813;
895,000000; -0,05053491;
896,000000; -0,04925116;
897,000000; -0,04925116;
898,000000; -0,05265313;
899,000000; -0,05265313;
900,000000; -0,05295403;
901,000000; -0,05295403;
902,000000; -0,05342910;
903,000000; -0,05342910;
904,000000; -0,05342910;
905,000000; -0,05342910;
906,000000; -0,05342910;
907,000000; -0,05342910;
908,000000; -0,05342910;
909,000000; -0,05556074;
910,000000; -0,05407569;
911,000000; -0,04935617;
912,000000; -0,04935617;
913,000000; -0,05017668;
914,000000; -0,05017668;
915,000000; -0,05017668;
916,000000; -0,05051459;
917,000000; -0,05051459;
918,000000; -0,05051459;
919,000000; -0,05051459;
920,000000; -0,04957521;
921,000000; -0,04957521;
922,000000; -0,04939503;
923,000000; -0,04939503;
924,000000; -0,04939503;
925,000000; -0,04939503;
926,000000; -0,04932498;
927,000000; -0,04931696;
928,000000; -0,04931021;
929,000000; -0,04931090;
930,000000; -0,04931090;
931,000000; -0,04931090;
932,000000; -0,04931090;
933,000000; -0,04931090;
934,000000; -0,04931090;
935,000000; -0,04931135;
936,000000; -0,04931135;
937,000000; -0,04931135;
938,000000; -0,04931135;
939,000000; -0,04931135;
940,000000; -0,04931135;
941,000000; -0,04931135;
942,000000; -0,04931135;
943,000000; -0,04931135;
944,000000; -0,04931138;
945,000000; -0,04931138;
946,000000; -0,04931138;
947,000000; -0,04931138;
948,000000; -0,04931138;
949,000000; -0,04924277;
950,000000; -0,04927046;
951,000000; -0,04928927;
952,000000; -0,04928927;
953,000000; -0,04929992;
954,000000; -0,04929992;
955,000000; -0,04929992;
956,000000; -0,04929992;
957,000000; -0,04929992;
958,000000; -0,04931676;
959,000000; -0,04931676;
960,000000; -0,04931676;
961,000000; -0,04931676;
962,000000; -0,04931676;
963,000000; -0,04931676;
964,000000; -0,04931676;
965,000000; -0,04931676;
966,000000; -0,04931676;
967,000000; -0,04931676;
968,000000; -0,04931676;
969,000000; -0,04931676;
970,000000; -0,04931676;
971,000000; -0,04931676;
972,000000; -0,04931676;
973,000000; -0,04931676;
974,000000; -0,04931676;
975,000000; -0,04931676;
976,000000; -0,04931676;
977,000000; -0,04931676;
978,000000; -0,04931676;
979,000000; -0,04931676;
980,000000; -0,04931676;
981,000000; -0,04931676;
982,000000; -0,04931676;
983,000000; -0,04931676;
984,000000; -0,04931676;
985,000000; -0,04931676;
986,000000; -0,04931676;
987,000000; -0,04931676;
988,000000; -0,04931676;
989,000000; -0,04931676;
990,000000; -0,04931676;
991,000000; -0,04931676;
992,000000; -0,04931676;
993,000000; -0,04931676;
994,000000; -0,07354386;
995,000000; -0,06650261;
996,000000; -0,06650261;
997,000000; -0,06650261;
998,000000; -0,06650261;
999,000000; -0,05013647;
1000,000000; -0,06650261;
1001,000000; -0,06650261;
1002,000000; -0,06650261;
1003,000000; -0,06650261;
1004,000000; -0,06650261;
1005,000000; -0,06650261;
1006,000000; -0,05460754;
1007,000000; -0,05092003;
1008,000000; -0,05035339;
1009,000000; -0,05013884;
1010,000000; -0,05044338;
1011,000000; -0,05044338;
1012,000000; -0,05044338;
1013,000000; -0,05044338;
1014,000000; -0,05044338;
1015,000000; -0,05044338;
1016,000000; -0,05044338;
1017,000000; -0,05045934;
1018,000000; -0,05045934;
1019,000000; -0,05045934;
1020,000000; -0,05046135;
1021,000000; -0,05046135;
1022,000000; -0,05046186;
1023,000000; -0,05046186;
1024,000000; -0,05002618;
1025,000000; -0,05002618;
1026,000000; -0,05002618;
1027,000000; -0,05002618;
1028,000000; -0,05008476;
1029,000000; -0,05010464;
1030,000000; -0,05010464;
1031,000000; -0,05011538;
1032,000000; -0,05017693;
1033,000000; -0,05024352;
1034,000000; -0,05024352;
1035,000000; -0,05024352;
1036,000000; -0,05024352;
1037,000000; -0,05024352;
1038,000000; -0,05024352;
1039,000000; -0,05024352;
1040,000000; -0,05320772;
1041,000000; -0,05320772;
1042,000000; -0,05320772;
1043,000000; -0,05320772;
1044,000000; -0,05320772;
1045,000000; -0,05320772;
1046,000000; -0,05320772;
1047,000000; -0,05409268;
1048,000000; -0,05409268;
1049,000000; -0,05469104;
1050,000000; -0,05469104;
1051,000000; -0,05019119;
1052,000000; -0,04998372;
1053,000000; -0,04996129;
1054,000000; -0,04996129;
1055,000000; -0,04996129;
1056,000000; -0,04994534;
1057,000000; -0,04990935;
1058,000000; -0,05005245;
1059,000000; -0,05003824;
1060,000000; -0,05004804;
1061,000000; -0,05004804;
1062,000000; -0,05016365;
1063,000000; -0,05016365;
1064,000000; -0,05022459;
1065,000000; -0,05022459;
1066,000000; -0,05022459;
1067,000000; -0,05024015;
1068,000000; -0,05017589;
1069,000000; -0,04960526;
1070,000000; -0,04960526;
1071,000000; -0,04960526;
1072,000000; -0,04965097;
1073,000000; -0,04977203;
1074,000000; -0,04977203;
1075,000000; -0,04977203;
1076,000000; -0,04977203;
1077,000000; -0,04977203;
1078,000000; -0,04977203;
1079,000000; -0,04977703;
1080,000000; -0,04977703;
1081,000000; -0,04977703;
1082,000000; -0,04977703;
1083,000000; -0,04977703;
1084,000000; -0,04977703;
1085,000000; -0,04977703;
1086,000000; -0,04977703;
1087,000000; -0,04977703;
1088,000000; -0,04977703;
1089,000000; -0,04977703;
1090,000000; -0,04977703;
1091,000000; -0,04977704;
1092,000000; -0,04977704;
1093,000000; -0,04977704;
1094,000000; -0,04977704;
1095,000000; -0,04977704;
1096,000000; -0,04977704;
1097,000000; -0,04977705;
1098,000000; -0,04977705;
1099,000000; -0,04977705;
1100,000000; -0,04939702;
1101,000000; -0,04939702;
1102,000000; -0,04939702;
1103,000000; -0,04939702;
1104,000000; -0,04939702;
1105,000000; -0,04939702;
1106,000000; -0,04939702;
1107,000000; -0,04939702;
1108,000000; -0,04940353;
1109,000000; -0,04940353;
1110,000000; -0,04940353;
1111,000000; -0,04940353;
1112,000000; -0,04940353;
1113,000000; -0,04940353;
1114,000000; -0,04928481;
1115,000000; -0,04928481;
1116,000000; -0,04953767;
1117,000000; -0,04953767;
1118,000000; -0,04953767;
1119,000000; -0,04953767;
1120,000000; -0,04980597;
1121,000000; -0,04997556;
1122,000000; -0,04997556;
1123,000000; -0,04999842;
1124,000000; -0,04999842;
1125,000000; -0,04999842;
1126,000000; -0,04999842;
1127,000000; -0,04999842;
1128,000000; -0,04999842;
1129,000000; -0,04999842;
1130,000000; -0,04999842;
1131,000000; -0,04999842;
1132,000000; -0,04999842;
1133,000000; -0,04999842;
1134,000000; -0,04999842;
1135,000000; -0,04999842;
1136,000000; -0,04999842;
1137,000000; -0,04999842;
1138,000000; -0,04999842;
1139,000000; -0,06270704;
1140,000000; -0,06270704;
1141,000000; -0,06270704;
1142,000000; -0,06270704;
1143,000000; -0,06270704;
1144,000000; -0,06119249;
1145,000000; -0,06270704;
1146,000000; -0,04942420;
1147,000000; -0,04985164;
1148,000000; -0,04985164;
1149,000000; -0,05000024;
1150,000000; -0,05018386;
1151,000000; -0,05018386;
1152,000000; -0,05018386;
1153,000000; -0,05018386;
1154,000000; -0,05018386;
1155,000000; -0,05018386;
1156,000000; -0,05018386;
1157,000000; -0,05018386;
1158,000000; -0,05018386;
1159,000000; -0,05018386;
1160,000000; -0,05018386;
1161,000000; -0,05018386;
1162,000000; -0,05018613;
1163,000000; -0,05018954;
1164,000000; -0,05018954;
1165,000000; -0,05018954;
1166,000000; -0,05018954;
1167,000000; -0,05019125;
1168,000000; -0,17239909;
1169,000000; -0,12372741;
1170,000000; -0,12372741;
1171,000000; -0,10257160;
1172,000000; -0,06547776;
1173,000000; -0,06547776;
1174,000000; -0,06868494;
1175,000000; -0,09158859;
1176,000000; -0,09158859;
1177,000000; -0,20104712;
1178,000000; -0,17114605;
1179,000000; -0,05537729;
1180,000000; -0,05537729;
1181,000000; -0,05537729;
1182,000000; -0,05537729;
1183,000000; -0,08454894;
1184,000000; -0,00222676;
1185,000000; -0,00222676;
1186,000000; -0,00222676;
1187,000000; -0,00222676;
1188,000000; -0,00222676;
1189,000000; -0,00222676;
1190,000000; -0,08490692;
1191,000000; -0,16026287;
1192,000000; -0,14373358;
1193,000000; -0,13644815;
1194,000000; -0,04307925;
1195,000000; -0,04307925;
1196,000000; -0,04307925;
1197,000000; -0,04307925;
1198,000000; -0,06812903;
1199,000000; -0,05473995;
1200,000000; -0,05473995;
1201,000000; -0,05473995;
1202,000000; -0,05473995;
1203,000000; -0,08260100;
1204,000000; -0,08316705;
1205,000000; -0,08316705;
1206,000000; -0,08314576;
1207,000000; -0,00021868;
1208,000000; -0,01128913;
1209,000000; -0,01128913;
1210,000000; -0,02218320;
1211,000000; -0,02218320;
1212,000000; -0,02218320;
1213,000000; -0,02218320;
1214,000000; -0,02218320;
1215,000000; -0,09430522;
1216,000000; -0,09430522;
1217,000000; -0,16347202;
1218,000000; -0,16246945;
1219,000000; -0,16246945;
1220,000000; -0,16246945;
1221,000000; -0,15782612;
1222,000000; -0,02167384;
1223,000000; -0,02167384;
1224,000000; -0,02167384;
1225,000000; -0,02167384;
1226,000000; -0,48417063;
1227,000000; -0,48417063;
1228,000000; -0,11216216;
1229,000000; -0,11216216;
1230,000000; -0,10731564;
1231,000000; -0,08068368;
1232,000000; -0,08068368;
1233,000000; -0,08068368;
1234,000000; -0,16672421;
1235,000000; -0,16499444;
1236,000000; -0,16499444;
1237,000000; -0,14058316;
1238,000000; -0,14058316;
1239,000000; -0,14058316;
1240,000000; -0,14058316;
1241,000000; -0,14058316;
1242,000000; -0,14058316;
1243,000000; -0,13282857;
1244,000000; -0,13282857;
1245,000000; -0,14058316;
1246,000000; -0,14058316;
1247,000000; -0,14058316;
1248,000000; -0,14058316;
1249,000000; -0,14058316;
1250,000000; -0,14058316;
1251,000000; -0,14058316;
1252,000000; -0,07616181;
1253,000000; -0,07616181;
1254,000000; -0,07616181;
1255,000000; -0,12871126;
1256,000000; -0,12871126;
1257,000000; -0,10450614;
1258,000000; -0,12770274;
1259,000000; -0,12770274;
1260,000000; -0,10915992;
1261,000000; -0,13143031;
1262,000000; -0,12825872;
1263,000000; -0,10422769;
1264,000000; -0,10422769;
1265,000000; -0,27007899;
1266,000000; -0,21271479;
1267,000000; -0,18980473;
1268,000000; -0,20530478;
1269,000000; -0,23433104;
1270,000000; -0,29700775;
1271,000000; -0,29700775;
1272,000000; -0,11411219;
1273,000000; -0,11411219;
1274,000000; -0,11411219;
1275,000000; -0,11411219;
1276,000000; -0,11411219;
1277,000000; -0,10110979;
1278,000000; -0,10110979;
1279,000000; -0,10110979;
1280,000000; -0,09867497;
1281,000000; -0,09867497;
1282,000000; -0,09867497;
1283,000000; -0,09884908;
1284,000000; -0,09884908;
1285,000000; -0,07629138;
1286,000000; -0,07629138;
1287,000000; -0,07629138;
1288,000000; -0,09884908;
1289,000000; -0,09884908;
1290,000000; -0,09884908;
1291,000000; -0,09884908;
1292,000000; -0,09884908;
1293,000000; -0,09884908;
1294,000000; -0,09884908;
1295,000000; -0,09884908;
1296,000000; -0,09884908;
1297,000000; -0,09884908;
1298,000000; -0,09884908;
1299,000000; -0,09884908;
1300,000000; -0,09884908;
1301,000000; -0,09884908;
1302,000000; -0,09884908;
1303,000000; -0,09884908;
1304,000000; -0,09884908;
1305,000000; -0,09623404;
1306,000000; -0,09884908;
1307,000000; -0,09884908;
1308,000000; -0,09884908;
1309,000000; -0,09884908;
1310,000000; -0,09884908;
1311,000000; -0,10596958;
1312,000000; -0,09985733;
1313,000000; -0,09895804;
1314,000000; -0,09895804;
1315,000000; -0,09895804;
1316,000000; -0,09895804;
1317,000000; -0,09850874;
1318,000000; -0,09853065;
1319,000000; -0,08606578;
1320,000000; -0,08606578;
1321,000000; -0,08606578;
1322,000000; -0,08606578;
1323,000000; -0,09904307;
1324,000000; -0,09904307;
1325,000000; -0,09904307;
1326,000000; -0,09904307;
1327,000000; -0,09906727;
1328,000000; -0,09909202;
1329,000000; -0,09909202;
1330,000000; -0,09909359;
1331,000000; -0,09909359;
1332,000000; -0,09909359;
1333,000000; -0,09909359;
1334,000000; -0,05421649;
1335,000000; -0,09943998;
1336,000000; -0,09960172;
1337,000000; -0,09960172;
1338,000000; -0,09986901;
1339,000000; -0,09986901;
1340,000000; -0,09986901;
1341,000000; -0,09988668;
1342,000000; -0,09990445;
1343,000000; -0,09990445;
1344,000000; -0,09990445;
1345,000000; -0,09911372;
1346,000000; -0,09856980;
1347,000000; -0,09856980;
1348,000000; -0,09900632;
1349,000000; -0,09900632;
1350,000000; -0,09900632;
1351,000000; -0,09900632;
1352,000000; -0,09900632;
1353,000000; -0,09900632;
1354,000000; -0,09900632;
1355,000000; -0,09900632;
1356,000000; -0,09900632;
1357,000000; -0,09900632;
1358,000000; -0,09900632;
1359,000000; -0,09902498;
1360,000000; -0,09902498;
1361,000000; -0,09902498;
1362,000000; -0,09902924;
1363,000000; -0,09902924;
1364,000000; -0,09875229;
1365,000000; -0,09852405;
1366,000000; -0,09852405;
1367,000000; -0,09852405;
1368,000000; -0,09852405;
1369,000000; -0,09852405;
1370,000000; -0,09868278;
1371,000000; -0,09875390;
1372,000000; -0,09879192;
1373,000000; -0,09879192;
1374,000000; -0,09883270;
1375,000000; -0,09941483;
1376,000000; -0,09942711;
1377,000000; -0,09942711;
1378,000000; -0,09960619;
1379,000000; -0,09960619;
1380,000000; -0,09960619;
1381,000000; -0,09965320;
1382,000000; -0,09970111;
1383,000000; -0,09871526;
1384,000000; -0,09871526;
1385,000000; -0,15092306;
1386,000000; -0,10874335;
1387,000000; -0,10874335;
1388,000000; -0,10874335;
1389,000000; -0,10874335;
1390,000000; -0,20289874;
1391,000000; -0,21871357;
1392,000000; -0,33151457;
1393,000000; -0,23374668;
1394,000000; -0,19424958;
1395,000000; -0,11905855;
1396,000000; -0,28364107;
1397,000000; -0,11673862;
1398,000000; -0,11673862;
1399,000000; -0,11673862;
1400,000000; -0,06146732;
1401,000000; -0,11673862;
1402,000000; -0,31313750;
1403,000000; -0,10675282;
1404,000000; -0,06532180;
1405,000000; -0,06532180;
1406,000000; -0,10163576;
1407,000000; -0,10163576;
1408,000000; -0,23905048;
1409,000000; -0,23905048;
1410,000000; -0,14343712;
1411,000000; -0,10732934;
1412,000000; -0,18408668;
1413,000000; -0,18408668;
1414,000000; -0,03874860;
1415,000000; -0,03874860;
1416,000000; -0,03874860;
1417,000000; -0,03874860;
1418,000000; -0,03874860;
1419,000000; -0,03965896;
1420,000000; -0,03965896;
1421,000000; -0,03846475;
1422,000000; -0,03846475;
1423,000000; -0,03846475;
1424,000000; -0,10044841;
1425,000000; -0,10044841;
1426,000000; -0,12706603;
1427,000000; -0,10765436;
1428,000000; -0,10700436;
1429,000000; -0,10700436;
1430,000000; -0,16411123;
1431,000000; -0,34548061;
1432,000000; -0,14450661;
1433,000000; -0,14450661;
1434,000000; -0,12385655;
1435,000000; -0,18188927;
1436,000000; -0,04167526;
1437,000000; -0,04167526;
1438,000000; -0,05233672;
1439,000000; -0,39275192;
1440,000000; -0,05569137;
1441,000000; -0,19209161;
1442,000000; -0,19209161;
1443,000000; -0,22347099;
1444,000000; -0,22347099;
1445,000000; -0,22347099;
1446,000000; -0,22347099;
1447,000000; -0,11989877;
1448,000000; -0,11989877;
1449,000000; -0,52561730;
1450,000000; -0,04981359;
1451,000000; -0,17278332;
1452,000000; -0,17307836;
1453,000000; -0,17307836;
1454,000000; -0,17307836;
1455,000000; -0,58354936;
1456,000000; -0,52593617;
1457,000000; -0,14574355;
1458,000000; -0,14574355;
1459,000000; -0,14574355;
1460,000000; -0,17903277;
1461,000000; -0,15047857;
1462,000000; -0,24858473;
1463,000000; -0,05125830;
1464,000000; -0,05125830;
1465,000000; -0,05125830;
1466,000000; -0,14841038;
1467,000000; -0,14841038;
1468,000000; -0,05032346;
1469,000000; -0,05032346;
1470,000000; -0,05032346;
1471,000000; -0,05403629;
1472,000000; -0,05403629;
1473,000000; -0,04791559;
1474,000000; -0,04316738;
1475,000000; -0,04393690;
1476,000000; -0,04393690;
1477,000000; -0,04393690;
1478,000000; -0,04633116;
1479,000000; -0,04633116;
1480,000000; -0,04633116;
1481,000000; -0,04633116;
1482,000000; -0,07840357;
1483,000000; -0,07840357;
1484,000000; -0,07840357;
1485,000000; -0,11263741;
1486,000000; -0,11263741;
1487,000000; -0,11263741;
1488,000000; -0,11263741;
1489,000000; -0,12617210;
1490,000000; -0,07436529;
1491,000000; -0,07107059;
1492,000000; -0,06559351;
1493,000000; -0,06559351;
1494,000000; -0,06559351;
1495,000000; -0,06591299;
1496,000000; -0,06641868;
1497,000000; -0,06641868;
1498,000000; -0,06641868;
1499,000000; -0,06660401;
1500,000000; -0,04649820;
1501,000000; -0,03902574;
1502,000000; -0,03902574;
1503,000000; -0,03902574;
1504,000000; -0,03902574;
1505,000000; -0,03902574;
1506,000000; -0,03902574;
1507,000000; -0,04122107;
1508,000000; -0,04306922;
1509,000000; -0,04352963;
1510,000000; -0,04387892;
1511,000000; -0,04179632;
1512,000000; -0,04179632;
1513,000000; -0,04179632;
1514,000000; -0,04179632;
1515,000000; -0,04185914;
1516,000000; -0,04189070;
1517,000000; -0,04189070;
1518,000000; -0,04189070;
1519,000000; -0,04189070;
1520,000000; -0,04189070;
1521,000000; -0,03846486;
1522,000000; -0,03846486;
1523,000000; -0,03846486;
1524,000000; -0,03846486;
1525,000000; -0,03846486;
1526,000000; -0,03846486;
1527,000000; -0,03846486;
1528,000000; -0,03889591;
1529,000000; -0,03889591;
1530,000000; -0,03889591;
1531,000000; -0,03889591;
1532,000000; -0,03889591;
1533,000000; -0,03889591;
1534,000000; -0,03893240;
1535,000000; -0,03894161;
1536,000000; -0,03894161;
1537,000000; -0,03894161;
1538,000000; -0,03894161;
1539,000000; -0,03894161;
1540,000000; -0,03762033;
1541,000000; -0,03762033;
1542,000000; -0,03694939;
1543,000000; -0,03694939;
1544,000000; -0,03695184;
1545,000000; -0,04034290;
1546,000000; -0,04061687;
1547,000000; -0,04134728;
1548,000000; -0,04134728;
1549,000000; -0,04157903;
1550,000000; -0,04157903;
1551,000000; -0,04864675;
1552,000000; -0,05457937;
1553,000000; -0,05643136;
1554,000000; -0,05847880;
1555,000000; -0,05009838;
1556,000000; -0,05009838;
1557,000000; -0,04672973;
1558,000000; -0,05231601;
1559,000000; -0,03787131;
1560,000000; -0,03787131;
1561,000000; -0,03787131;
1562,000000; -0,16880191;
1563,000000; -0,16880191;
1564,000000; -0,29508340;
1565,000000; -0,19886384;
1566,000000; -0,22447238;
1567,000000; -0,15427206;
1568,000000; -0,14085030;
1569,000000; -0,05932110;
1570,000000; -0,05932110;
1571,000000; -0,05942574;
1572,000000; -0,05942574;
1573,000000; -0,05942574;
1574,000000; -0,05942574;
1575,000000; -0,05942574;
1576,000000; -0,05103789;
1577,000000; -0,05103789;
1578,000000; -0,05335256;
1579,000000; -0,05339696;
1580,000000; -0,05339696;
1581,000000; -0,05339696;
1582,000000; -0,05339785;
1583,000000; -0,05339957;
1584,000000; -0,05340458;
1585,000000; -0,05340458;
1586,000000; -0,23623904;
1587,000000; -0,23623904;
1588,000000; -0,21649678;
1589,000000; -0,21649678;
1590,000000; -0,08745754;
1591,000000; -0,06171662;
1592,000000; -0,06171662;
1593,000000; -0,08442747;
1594,000000; -0,08773158;
1595,000000; -0,08773158;
1596,000000; -0,08773158;
1597,000000; -0,06289892;
1598,000000; -0,06289892;
1599,000000; -0,06289892;
1600,000000; -0,06289892;
1601,000000; -0,06289892;
1602,000000; -0,06385779;
1603,000000; -0,06385779;
1604,000000; -0,06492230;
1605,000000; -0,06492230;
1606,000000; -0,06492230;
1607,000000; -0,06560473;
1608,000000; -0,06577798;
1609,000000; -0,06043092;
1610,000000; -0,06287615;
1611,000000; -0,06299004;
1612,000000; -0,06299004;
1613,000000; -0,06299004;
1614,000000; -0,06299004;
1615,000000; -0,06341298;
1616,000000; -0,06341298;
1617,000000; -0,06341298;
1618,000000; -0,06341298;
1619,000000; -0,06341298;
1620,000000; -0,06341298;
1621,000000; -0,06342311;
1622,000000; -0,05309648;
1623,000000; -0,05309136;
1624,000000; -0,06342311;
1625,000000; -0,06156661;
1626,000000; -0,05899677;
1627,000000; -0,05162116;
1628,000000; -0,05162116;
1629,000000; -0,05162116;
1630,000000; -0,05197497;
1631,000000; -0,05168652;
1632,000000; -0,05168652;
1633,000000; -0,05172948;
1634,000000; -0,05171487;
1635,000000; -0,05172948;
1636,000000; -0,05172948;
1637,000000; -0,05043190;
1638,000000; -0,04936212;
1639,000000; -0,04936212;
1640,000000; -0,04930740;
1641,000000; -0,04930740;
1642,000000; -0,04930093;
1643,000000; -0,04930740;
1644,000000; -0,04932106;
1645,000000; -0,04939008;
1646,000000; -0,04984710;
1647,000000; -0,07487857;
1648,000000; -0,18776927;
1649,000000; -0,18776927;
1650,000000; -0,12222115;
1651,000000; -0,12222115;
1652,000000; -0,12222115;
1653,000000; -0,12222115;
1654,000000; -0,12187934;
1655,000000; -0,11942050;
1656,000000; -0,11942050;
1657,000000; -0,11942050;
1658,000000; -0,11942050;
1659,000000; -0,05140689;
1660,000000; -0,05140689;
1661,000000; -0,05140689;
1662,000000; -0,05124852;
1663,000000; -0,05124852;
1664,000000; -0,05128727;
1665,000000; -0,05128727;
1666,000000; -0,05052245;
1667,000000; -0,04945915;
1668,000000; -0,04945915;
1669,000000; -0,04945422;
1670,000000; -0,04943533;
1671,000000; -0,04943533;
1672,000000; -0,04943943;
1673,000000; -0,04943943;
1674,000000; -0,04943943;
1675,000000; -0,04944223;
1676,000000; -0,04944223;
1677,000000; -0,04944223;
1678,000000; -0,04944457;
1679,000000; -0,04944457;
1680,000000; -0,04944491;
1681,000000; -0,04944491;
1682,000000; -0,04944491;
1683,000000; -0,04944491;
1684,000000; -0,04944491;
1685,000000; -0,04944491;
1686,000000; -0,04944491;
1687,000000; -0,04943651;
1688,000000; -0,04943651;
1689,000000; -0,04943623;
1690,000000; -0,04943542;
1691,000000; -0,04943623;
1692,000000; -0,04943522;
1693,000000; -0,04943623;
1694,000000; -0,04943575;
1695,000000; -0,04943575;
1696,000000; -0,04979938;
1697,000000; -0,04979938;
1698,000000; -0,04979938;
1699,000000; -0,04988759;
1700,000000; -0,04988759;
1701,000000; -0,04988759;
1702,000000; -0,04988759;
1703,000000; -0,04989958;
1704,000000; -0,04990564;
1705,000000; -0,04991173;
1706,000000; -0,04991173;
1707,000000; -0,04993024;
1708,000000; -0,04993024;
1709,000000; -0,04993024;
1710,000000; -0,04993963;
1711,000000; -0,04993963;
1712,000000; -0,04994199;
1713,000000; -0,04994199;
1714,000000; -0,04994199;
1715,000000; -0,04943693;
1716,000000; -0,04957709;
1717,000000; -0,04957709;
1718,000000; -0,04957709;
1719,000000; -0,04957721;
1720,000000; -0,04957721;
1721,000000; -0,04937093;
1722,000000; -0,04937093;
1723,000000; -0,04937093;
1724,000000; -0,04940624;
1725,000000; -0,04940624;
1726,000000; -0,04961067;
1727,000000; -0,04961067;
1728,000000; -0,08333039;
1729,000000; -0,08333039;
1730,000000; -0,08333039;
1731,000000; -0,08333039;
1732,000000; -0,08333039;
1733,000000; -0,08333039;
1734,000000; -0,08333039;
1735,000000; -0,08320798;
1736,000000; -0,08318603;
1737,000000; -0,08317621;
1738,000000; -0,08317592;
1739,000000; -0,07303379;
1740,000000; -0,08039578;
1741,000000; -0,08318603;
1742,000000; -0,13150890;
1743,000000; -0,32876551;
1744,000000; -0,08702460;
1745,000000; -0,08236285;
1746,000000; -0,07422366;
1747,000000; -0,07422366;
1748,000000; -0,03809737;
1749,000000; -0,03809737;
1750,000000; -0,03809737;
1751,000000; -0,03874072;
1752,000000; -0,03726748;
1753,000000; -0,03726748;
1754,000000; -0,03736350;
1755,000000; -0,03736350;
1756,000000; -0,03736350;
1757,000000; -0,03736350;
1758,000000; -0,03736350;
1759,000000; -0,03736350;
1760,000000; -0,03736350;
1761,000000; -0,03736350;
1762,000000; -0,03736350;
1763,000000; -0,03736350;
1764,000000; -0,03736350;
1765,000000; -0,03736350;
1766,000000; -0,03873157;
1767,000000; -0,03873157;
1768,000000; -0,03873157;
1769,000000; -0,03756420;
1770,000000; -0,03720188;
1771,000000; -0,03720188;
1772,000000; -0,03720188;
1773,000000; -0,03705629;
1774,000000; -0,03705629;
1775,000000; -0,03705763;
1776,000000; -0,48245225;
1777,000000; -0,27061084;
1778,000000; -0,08214078;
1779,000000; -0,08214078;
1780,000000; -0,08214078;
1781,000000; -0,05054531;
1782,000000; -0,10307546;
1783,000000; -0,10307546;
1784,000000; -0,10307546;
1785,000000; -0,05207769;
1786,000000; -0,05207769;
1787,000000; -0,05207769;
1788,000000; -0,05207769;
1789,000000; -0,05293826;
1790,000000; -0,05350102;
1791,000000; -0,00864944;
1792,000000; -0,00864944;
1793,000000; -0,00864944;
1794,000000; -0,00864944;
1795,000000; -0,04489057;
1796,000000; -0,03919077;
1797,000000; -0,03919077;
1798,000000; -0,03919077;
1799,000000; -0,03919077;
1800,000000; -0,03919077;
1801,000000; -0,03919077;
1802,000000; -0,03919077;
1803,000000; -0,03919077;
1804,000000; -0,03919077;
1805,000000; -0,03919077;
1806,000000; -0,03695095;
1807,000000; -0,03695095;
1808,000000; -0,03700793;
1809,000000; -0,03700793;
1810,000000; -0,03700235;
1811,000000; -0,03761000;
1812,000000; -0,03744480;
1813,000000; -0,03693132;
1814,000000; -0,03703902;
1815,000000; -0,03703902;
1816,000000; -0,03703902;
1817,000000; -0,03703902;
1818,000000; -0,03707345;
1819,000000; -0,03707345;
1820,000000; -0,03707345;
1821,000000; -0,03707345;
1822,000000; -0,03707345;
1823,000000; -0,03707345;
1824,000000; -0,03707345;
1825,000000; -0,03707345;
1826,000000; -0,03707345;
1827,000000; -0,03707345;
1828,000000; -0,03750516;
1829,000000; -0,03750745;
1830,000000; -0,03750745;
1831,000000; -0,03750745;
1832,000000; -0,03750745;
1833,000000; -0,03751036;
1834,000000; -0,03782994;
1835,000000; -0,03782994;
1836,000000; -0,06822282;
1837,000000; -0,06822282;
1838,000000; -0,06822282;
1839,000000; -0,06822282;
1840,000000; -0,04749751;
1841,000000; -0,05313981;
1842,000000; -0,03839335;
1843,000000; -0,03789644;
1844,000000; -0,03789644;
1845,000000; -0,03692120;
1846,000000; -0,03692120;
1847,000000; -0,03705978;
1848,000000; -0,03705978;
1849,000000; -0,03704774;
1850,000000; -0,03704774;
1851,000000; -0,03704774;
1852,000000; -0,03704774;
1853,000000; -0,03704919;
1854,000000; -0,03704919;
1855,000000; -0,03704955;
1856,000000; -0,03704955;
1857,000000; -0,03704955;
1858,000000; -0,03704955;
1859,000000; -0,03704955;
1860,000000; -0,03704983;
1861,000000; -0,03704983;
1862,000000; -0,03704983;
1863,000000; -0,03704983;
1864,000000; -0,03696897;
1865,000000; -0,03696897;
1866,000000; -0,03696897;
1867,000000; -0,03696897;
1868,000000; -0,03696897;
1869,000000; -0,03696897;
1870,000000; -0,03696897;
1871,000000; -0,03696897;
1872,000000; -0,03696897;
1873,000000; -0,03696897;
1874,000000; -0,03696897;
1875,000000; -0,03693075;
1876,000000; -0,03693305;
1877,000000; -0,03693305;
1878,000000; -0,03693305;
1879,000000; -0,03693305;
1880,000000; -0,03693305;
1881,000000; -0,03693547;
1882,000000; -0,03693547;
1883,000000; -0,03693547;
1884,000000; -0,03693547;
1885,000000; -0,03693547;
1886,000000; -0,03693547;
1887,000000; -0,03693547;
1888,000000; -0,03693547;
1889,000000; -0,03693547;
1890,000000; -0,03693547;
1891,000000; -0,03693547;
1892,000000; -0,03693547;
1893,000000; -0,03693547;
1894,000000; -0,03693547;
1895,000000; -0,03693547;
1896,000000; -0,03693547;
1897,000000; -0,03693547;
1898,000000; -0,03693547;
1899,000000; -0,03693547;
1900,000000; -0,03693547;
1901,000000; -0,03693547;
1902,000000; -0,03693547;
1903,000000; -0,03693547;
1904,000000; -0,03693547;
1905,000000; -0,03693547;
1906,000000; -0,03693547;
1907,000000; -0,03693547;
1908,000000; -0,03693547;
1909,000000; -0,03693547;
1910,000000; -0,03693547;
1911,000000; -0,03693547;
1912,000000; -0,03693547;
1913,000000; -0,03693547;
1914,000000; -0,03693547;
1915,000000; -0,03693547;
1916,000000; -0,03687639;
1917,000000; -0,03687639;
1918,000000; -0,03687639;
1919,000000; -0,03687639;
1920,000000; -0,03687639;
1921,000000; -0,03690428;
1922,000000; -0,03690428;
1923,000000; -0,03690428;
1924,000000; -0,03690428;
1925,000000; -0,03690428;
1926,000000; -0,03690428;
1927,000000; -0,03690428;
1928,000000; -0,03692063;
1929,000000; -0,03690384;
1930,000000; -0,03690384;
1931,000000; -0,03690384;
1932,000000; -0,03690384;
1933,000000; -0,03690972;
1934,000000; -0,03690972;
1935,000000; -0,03690972;
1936,000000; -0,03691728;
1937,000000; -0,03691728;
1938,000000; -0,03692377;
1939,000000; -0,03692587;
1940,000000; -0,03692587;
1941,000000; -0,03692716;
1942,000000; -0,03692716;
1943,000000; -0,03692716;
1944,000000; -0,03692716;
1945,000000; -0,03692716;
1946,000000; -0,03692716;
1947,000000; -0,03692716;
1948,000000; -0,03692716;
1949,000000; -0,03690310;
1950,000000; -0,03686608;
1951,000000; -0,03686608;
1952,000000; -0,03686608;
1953,000000; -0,03686608;
1954,000000; -0,03687232;
1955,000000; -0,03687772;
1956,000000; -0,03687931;
1957,000000; -0,03687931;
1958,000000; -0,03687931;
1959,000000; -0,03687931;
1960,000000; -0,03687931;
1961,000000; -0,03686553;
1962,000000; -0,03686553;
1963,000000; -0,03686553;
1964,000000; -0,03686553;
1965,000000; -0,03686535;
1966,000000; -0,03686535;
1967,000000; -0,03686535;
1968,000000; -0,03686535;
1969,000000; -0,03686535;
1970,000000; -0,03686535;
1971,000000; -0,03686535;
1972,000000; -0,03686535;
1973,000000; -0,03686535;
1974,000000; -0,03686535;
1975,000000; -0,03686535;
1976,000000; -0,03673213;
1977,000000; -0,03686535;
1978,000000; -0,03686535;
1979,000000; -0,03686535;
1980,000000; -0,03686535;
1981,000000; -0,03863673;
1982,000000; -0,03863673;
1983,000000; -0,03863673;
1984,000000; -0,04395675;
1985,000000; -0,03168606;
1986,000000; -0,03168606;
1987,000000; -0,03168606;
1988,000000; -0,03168606;
1989,000000; -0,03168606;
1990,000000; -0,04577911;
1991,000000; -0,04577911;
1992,000000; -0,04580013;
1993,000000; -0,04580013;
1994,000000; -0,04580013;
1995,000000; -0,04580013;
1996,000000; -0,04580013;
1997,000000; -0,02135964;
1998,000000; -0,04580013;
1999,000000; -0,04580013;
2000,000000; -0,04580013;
2001,000000; -0,04580801;
2002,000000; -0,04610275;
2003,000000; -0,04655729;
2004,000000; -0,04655729;
2005,000000; -0,04655729;
2006,000000; -0,04655729;
2007,000000; -0,04670291;
2008,000000; -0,04670291;
2009,000000; -0,04670291;
2010,000000; -0,04670767;
2011,000000; -0,04671005;
2012,000000; -0,04671005;
2013,000000; -0,03910143;
2014,000000; -0,03863076;
2015,000000; -0,03863076;
2016,000000; -0,03863076;
2017,000000; -0,03863076;
2018,000000; -0,03861437;
2019,000000; -0,03861437;
2020,000000; -0,03778227;
2021,000000; -0,03778227;
2022,000000; -0,03778227;
2023,000000; -0,03778227;
2024,000000; -0,03778227;
2025,000000; -0,03778227;
2026,000000; -0,03778227;
2027,000000; -0,03778227;
2028,000000; -0,03778227;
2029,000000; -0,03778227;
2030,000000; -0,03778227;
2031,000000; -0,03778227;
2032,000000; -0,03778227;
2033,000000; -0,03795230;
2034,000000; -0,03778333;
2035,000000; -0,03778333;
2036,000000; -0,03688402;
2037,000000; -0,03688402;
2038,000000; -0,03701940;
2039,000000; -0,03701940;
2040,000000; -0,03701940;
2041,000000; -0,03701940;
2042,000000; -0,03701940;
2043,000000; -0,03701940;
2044,000000; -0,03701940;
2045,000000; -0,03701940;
2046,000000; -0,03701940;
2047,000000; -0,03701940;
2048,000000; -0,03701940;
2049,000000; -0,03701940;
2050,000000; -0,03701940;
2051,000000; -0,03701940;
2052,000000; -0,03701940;
2053,000000; -0,03701940;
2054,000000; -0,03701940;
2055,000000; -0,03701940;
2056,000000; -0,03701940;
2057,000000; -0,03701940;
2058,000000; -0,03701940;
2059,000000; -0,03701940;
2060,000000; -0,03701940;
2061,000000; -0,03701940;
2062,000000; -0,03701940;
2063,000000; -0,03701940;
2064,000000; -0,03701940;
2065,000000; -0,03701940;
2066,000000; -0,03701940;
2067,000000; -0,03701940;
2068,000000; -0,03701940;
2069,000000; -0,03701940;
2070,000000; -0,03701940;
2071,000000; -0,03701940;
2072,000000; -0,03701940;
2073,000000; -0,03701940;
2074,000000; -0,03701940;
2075,000000; -0,03701940;
2076,000000; -0,03701940;
2077,000000; -0,03701940;
2078,000000; -0,03701940;
2079,000000; -0,05200955;
2080,000000; -0,06800852;
2081,000000; -0,06800852;
2082,000000; -0,06800852;
2083,000000; -0,06139393;
2084,000000; -0,04497192;
2085,000000; -0,04497192;
2086,000000; -0,05450301;
2087,000000; -0,05450301;
2088,000000; -0,05826104;
2089,000000; -0,04601905;
2090,000000; -0,04504830;
2091,000000; -0,04601905;
2092,000000; -0,04601905;
2093,000000; -0,04455537;
2094,000000; -0,04455537;
2095,000000; -0,04601905;
2096,000000; -0,04601905;
2097,000000; -0,06410244;
2098,000000; -0,05225729;
2099,000000; -0,05225729;
2100,000000; -0,05564914;
2101,000000; -0,05564914;
2102,000000; -0,04885077;
2103,000000; -0,05564914;
2104,000000; -0,05564914;
2105,000000; -0,22451522;
2106,000000; -0,36206705;
2107,000000; -0,36206705;
2108,000000; -0,36206705;
2109,000000; -0,36206705;
2110,000000; -0,28148362;
2111,000000; -0,19352078;
2112,000000; -0,04492299;
2113,000000; -0,14146826;
2114,000000; -0,14146826;
2115,000000; -0,14078297;
2116,000000; -0,14078297;
2117,000000; -0,15325317;
2118,000000; -0,15057820;
2119,000000; -0,15057820;
2120,000000; -0,07735846;
2121,000000; -0,04865330;
2122,000000; -0,04275419;
2123,000000; -0,04275419;
2124,000000; -0,04000919;
2125,000000; -0,04000919;
2126,000000; -0,04024242;
2127,000000; -0,03751168;
2128,000000; -0,03751168;
2129,000000; -0,03840349;
2130,000000; -0,03840349;
2131,000000; -0,03840349;
2132,000000; -0,03840349;
2133,000000; -0,03841185;
2134,000000; -0,03686319;
2135,000000; -0,03686319;
2136,000000; -0,03686319;
2137,000000; -0,03740235;
2138,000000; -0,03740235;
2139,000000; -0,03740235;
2140,000000; -0,03740235;
2141,000000; -0,04084303;
2142,000000; -0,05358193;
2143,000000; -0,05358193;
2144,000000; -0,07098903;
2145,000000; -0,04865978;
2146,000000; -0,04865978;
2147,000000; -0,06420338;
2148,000000; -0,07226885;
2149,000000; -0,07226885;
2150,000000; -0,05595123;
2151,000000; -0,06541485;
2152,000000; -0,04796780;
2153,000000; -0,04796780;
2154,000000; -0,04796780;
2155,000000; -0,03690719;
2156,000000; -0,03690719;
2157,000000; -0,03690719;
2158,000000; -0,03690719;
2159,000000; -0,03690719;
2160,000000; -0,03690719;
2161,000000; -0,03690719;
2162,000000; -0,03690719;
2163,000000; -0,03692948;
2164,000000; -0,03694813;
2165,000000; -0,03695934;
2166,000000; -0,03696541;
2167,000000; -0,03696856;
2168,000000; -0,03696856;
2169,000000; -0,03696936;
2170,000000; -0,03696976;
2171,000000; -0,03696976;
2172,000000; -0,03696976;
2173,000000; -0,03696986;
2174,000000; -0,03696989;
2175,000000; -0,03696990;
2176,000000; -0,03695970;
2177,000000; -0,03695970;
2178,000000; -0,03695970;
2179,000000; -0,03696327;
2180,000000; -0,03696327;
2181,000000; -0,03696327;
2182,000000; -0,03696327;
2183,000000; -0,03696327;
2184,000000; -0,03696327;
2185,000000; -0,03696327;
2186,000000; -0,03696327;
2187,000000; -0,03696327;
2188,000000; -0,03696327;
2189,000000; -0,03696327;
2190,000000; -0,03746811;
2191,000000; -0,03801695;
2192,000000; -0,03859312;
2193,000000; -0,03859312;
2194,000000; -0,04019343;
2195,000000; -0,04062238;
2196,000000; -0,04062238;
2197,000000; -0,04062238;
2198,000000; -0,04062238;
2199,000000; -0,04062238;
2200,000000; -0,04062238;
2201,000000; -0,04062238;
2202,000000; -0,04062238;
2203,000000; -0,03740265;
2204,000000; -0,03739935;
2205,000000; -0,03739935;
2206,000000; -0,03739935;
2207,000000; -0,03739935;
2208,000000; -0,03701561;
2209,000000; -0,03708148;
2210,000000; -0,03708148;
2211,000000; -0,03708148;
2212,000000; -0,03708148;
2213,000000; -0,03711495;
2214,000000; -0,03715403;
2215,000000; -0,03715403;
2216,000000; -0,03715403;
2217,000000; -0,03716468;
2218,000000; -0,03716468;
2219,000000; -0,03716468;
2220,000000; -0,03718991;
2221,000000; -0,03718991;
2222,000000; -0,03724357;
2223,000000; -0,03867772;
2224,000000; -0,03867874;
2225,000000; -0,04081668;
2226,000000; -0,04081668;
2227,000000; -0,09637362;
2228,000000; -0,09637362;
2229,000000; -0,10398321;
2230,000000; -0,10398321;
2231,000000; -0,10435286;
2232,000000; -0,04916203;
2233,000000; -0,04418993;
2234,000000; -0,04220901;
2235,000000; -0,03848337;
2236,000000; -0,03776086;
2237,000000; -0,03776086;
2238,000000; -0,03776086;
2239,000000; -0,03776086;
2240,000000; -0,03776086;
2241,000000; -0,03776086;
2242,000000; -0,03788754;
2243,000000; -0,03788754;
2244,000000; -0,03788754;
2245,000000; -0,03788754;
2246,000000; -0,03838881;
2247,000000; -0,03838881;
2248,000000; -0,03838881;
2249,000000; -0,03838881;
2250,000000; -0,03933689;
2251,000000; -0,03933689;
2252,000000; -0,03933689;
2253,000000; -0,03933689;
2254,000000; -0,03977518;
2255,000000; -0,03977518;
2256,000000; -0,03989181;
2257,000000; -0,03995118;
2258,000000; -0,03995118;
2259,000000; -0,03995118;
2260,000000; -0,03995118;
2261,000000; -0,03995118;
2262,000000; -0,03995118;
2263,000000; -0,03995118;
2264,000000; -0,03995118;
2265,000000; -0,03995118;
2266,000000; -0,03995118;
2267,000000; -0,03995118;
2268,000000; -0,03995118;
2269,000000; -0,03969000;
2270,000000; -0,03969000;
2271,000000; -0,03939712;
2272,000000; -0,03939712;
2273,000000; -0,03939712;
2274,000000; -0,03939712;
2275,000000; -0,03939712;
2276,000000; -0,03939712;
2277,000000; -0,03939712;
2278,000000; -0,03939712;
2279,000000; -0,03939712;
2280,000000; -0,03939712;
2281,000000; -0,03940162;
2282,000000; -0,03690283;
2283,000000; -0,03737611;
2284,000000; -0,03737611;
2285,000000; -0,03819703;
2286,000000; -0,03920005;
2287,000000; -0,03920005;
2288,000000; -0,03920005;
2289,000000; -0,03920005;
2290,000000; -0,03920005;
2291,000000; -0,03924153;
2292,000000; -0,03925768;
2293,000000; -0,03925768;
2294,000000; -0,03925768;
2295,000000; -0,03925768;
2296,000000; -0,03925768;
2297,000000; -0,02941466;
2298,000000; -0,02941466;
2299,000000; -0,03925768;
2300,000000; -0,03925768;
2301,000000; -0,03925768;
2302,000000; -0,03925768;
2303,000000; -0,03925768;
2304,000000; -0,03925768;
2305,000000; -0,03925768;
2306,000000; -0,03925768;
2307,000000; -0,03925768;
2308,000000; -0,03925768;
2309,000000; -0,03925768;
2310,000000; -0,03925768;
2311,000000; -0,03925768;
2312,000000; -0,03925768;
2313,000000; -0,03865515;
2314,000000; -0,03865515;
2315,000000; -0,03865515;
2316,000000; -0,03688681;
2317,000000; -0,03688681;
2318,000000; -0,03709172;
2319,000000; -0,03709172;
2320,000000; -0,03709172;
2321,000000; -0,03709172;
2322,000000; -0,03788405;
2323,000000; -0,03788405;
2324,000000; -0,03788405;
2325,000000; -0,03729468;
2326,000000; -0,03687933;
2327,000000; -0,03691425;
2328,000000; -0,03691425;
2329,000000; -0,03691439;
2330,000000; -0,03692788;
2331,000000; -0,03692788;
2332,000000; -0,03693539;
2333,000000; -0,03693539;
2334,000000; -0,03693539;
2335,000000; -0,03693539;
2336,000000; -0,03693539;
2337,000000; -0,03693539;
2338,000000; -0,03693539;
2339,000000; -0,03693539;
2340,000000; -0,03693539;
2341,000000; -0,03693539;
2342,000000; -0,03689479;
2343,000000; -0,03687864;
2344,000000; -0,03687709;
2345,000000; -0,03687864;
2346,000000; -0,03688600;
2347,000000; -0,03688600;
2348,000000; -0,03688600;
2349,000000; -0,03688600;
2350,000000; -0,03688600;
2351,000000; -0,03688600;
2352,000000; -0,03688600;
2353,000000; -0,03688600;
2354,000000; -0,00318009;
2355,000000; -0,00318009;
2356,000000; -0,03688600;
2357,000000; -0,08263742;
2358,000000; -0,07378250;
2359,000000; -0,05893044;
2360,000000; -0,05893044;
2361,000000; -0,05664903;
2362,000000; -0,04099756;
2363,000000; -0,04099756;
2364,000000; -0,04099756;
2365,000000; -0,04099756;
2366,000000; -0,04145252;
2367,000000; -0,04145252;
2368,000000; -0,04157723;
2369,000000; -0,04157723;
2370,000000; -0,03748439;
2371,000000; -0,03748439;
2372,000000; -0,03922828;
2373,000000; -0,03942737;
2374,000000; -0,03912329;
2375,000000; -0,03912329;
2376,000000; -0,03912329;
2377,000000; -0,03938535;
2378,000000; -0,03949584;
2379,000000; -0,03949584;
2380,000000; -0,03949584;
2381,000000; -0,03949584;
2382,000000; -0,03949584;
2383,000000; -0,03949584;
2384,000000; -0,03945768;
2385,000000; -0,03945768;
2386,000000; -0,03945768;
2387,000000; -0,03945768;
2388,000000; -0,03945768;
2389,000000; -0,03946422;
2390,000000; -0,03946902;
2391,000000; -0,03946902;
2392,000000; -0,03947268;
2393,000000; -0,03947268;
2394,000000; -0,03692363;
2395,000000; -0,04734906;
2396,000000; -0,09100618;
2397,000000; -0,09100618;
2398,000000; -0,09100618;
2399,000000; -0,09100618;
2400,000000; -0,09100618;
2401,000000; -0,09103192;
2402,000000; -0,09104096;
2403,000000; -0,03806931;
2404,000000; -0,03806931;
2405,000000; -0,03806931;
2406,000000; -0,03798173;
2407,000000; -0,04251517;
2408,000000; -0,03708734;
2409,000000; -0,03708734;
2410,000000; -0,03708734;
2411,000000; -0,03957526;
2412,000000; -0,03957526;
2413,000000; -0,03968895;
2414,000000; -0,03968895;
2415,000000; -0,03968895;
2416,000000; -0,03968895;
2417,000000; -0,03968895;
2418,000000; -0,03968895;
2419,000000; -0,03968895;
2420,000000; -0,03968895;
2421,000000; -0,03968895;
2422,000000; -0,03969077;
2423,000000; -0,03969077;
2424,000000; -0,03969077;
2425,000000; -0,03792773;
2426,000000; -0,03792773;
2427,000000; -0,03870284;
2428,000000; -0,03870284;
2429,000000; -0,03870284;
2430,000000; -0,03870284;
2431,000000; -0,03870284;
2432,000000; -0,03870119;
2433,000000; -0,03870119;
2434,000000; -0,03870119;
2435,000000; -0,03698566;
2436,000000; -0,03711689;
2437,000000; -0,03711689;
2438,000000; -0,03711689;
2439,000000; -0,03711689;
2440,000000; -0,03711689;
2441,000000; -0,03694532;
2442,000000; -0,11807485;
2443,000000; -0,11807485;
2444,000000; -0,11066783;
2445,000000; -0,10760972;
2446,000000; -0,10760972;
2447,000000; -0,05285045;
2448,000000; -0,03957196;
2449,000000; -0,03957196;
2450,000000; -0,03957196;
2451,000000; -0,03964901;
2452,000000; -0,03982000;
2453,000000; -0,03982000;
2454,000000; -0,03982000;
2455,000000; -0,03982000;
2456,000000; -0,03982000;
2457,000000; -0,03982000;
2458,000000; -0,03982000;
2459,000000; -0,03982000;
2460,000000; -0,03982000;
2461,000000; -0,03982000;
2462,000000; -0,03982000;
2463,000000; -0,03982000;
2464,000000; -0,03835070;
2465,000000; -0,03835070;
2466,000000; -0,03835070;
2467,000000; -0,03815054;
2468,000000; -0,03815054;
2469,000000; -0,03813348;
2470,000000; -0,03807434;
2471,000000; -0,03807434;
2472,000000; -0,03807434;
2473,000000; -0,03807433;
2474,000000; -0,03807407;
2475,000000; -0,03807407;
2476,000000; -0,03807407;
2477,000000; -0,03807409;
2478,000000; -0,03807409;
2479,000000; -0,03807501;
2480,000000; -0,03807732;
2481,000000; -0,03807845;
2482,000000; -0,03808442;
2483,000000; -0,03941670;
2484,000000; -0,14816199;
2485,000000; -0,14816199;
2486,000000; -0,14816199;
2487,000000; -0,04214820;
2488,000000; -0,03868631;
2489,000000; -0,03868631;
2490,000000; -0,03868631;
2491,000000; -0,03977243;
2492,000000; -0,04138616;
2493,000000; -0,04331250;
2494,000000; -0,05769267;
2495,000000; -0,05769267;
2496,000000; -0,05769267;
2497,000000; -0,05769267;
2498,000000; -0,05769267;
2499,000000; -0,36546479;
2500,000000; -0,33606094;
2501,000000; -0,33606094;
2502,000000; -0,17632914;
2503,000000; -0,14469725;
2504,000000; -0,17632914;
2505,000000; -0,15800916;
2506,000000; -0,12684052;
2507,000000; -0,12684052;
2508,000000; -0,12684052;
2509,000000; -0,17499996;
2510,000000; -0,16050789;
2511,000000; -0,16050789;
2512,000000; -0,10874944;
2513,000000; -0,10330770;
2514,000000; -0,07787906;
2515,000000; -0,03760404;
2516,000000; -0,03743300;
2517,000000; -0,03743300;
2518,000000; -0,03743300;
2519,000000; -0,03784200;
2520,000000; -0,03784200;
2521,000000; -0,03796859;
2522,000000; -0,03796859;
2523,000000; -0,02987660;
2524,000000; -0,02987660;
2525,000000; -0,03785429;
2526,000000; -0,03785429;
2527,000000; -0,03785429;
2528,000000; -0,03785429;
2529,000000; -0,03785429;
2530,000000; -0,03785429;
2531,000000; -0,03785429;
2532,000000; -0,06614019;
2533,000000; -0,06590127;
2534,000000; -0,06377238;
2535,000000; -0,06377238;
2536,000000; -0,06377238;
2537,000000; -0,03705102;
2538,000000; -0,03705102;
2539,000000; -0,03705102;
2540,000000; -0,03887163;
2541,000000; -0,03887163;
2542,000000; -0,03887163;
2543,000000; -0,04240021;
2544,000000; -0,04240021;
2545,000000; -0,04240021;
2546,000000; -0,04246941;
2547,000000; -0,04246941;
2548,000000; -0,04248491;
2549,000000; -0,04248491;
2550,000000; -0,04248491;
2551,000000; -0,04248491;
2552,000000; -0,04248491;
2553,000000; -0,04248695;
2554,000000; -0,04248746;
2555,000000; -0,04274961;
2556,000000; -0,04274961;
2557,000000; -0,03689523;
2558,000000; -0,03689270;
2559,000000; -0,03705845;
2560,000000; -0,03745974;
2561,000000; -0,03822542;
2562,000000; -0,03822542;
2563,000000; -0,03822542;
2564,000000; -0,03822940;
2565,000000; -0,03822940;
2566,000000; -0,03822940;
2567,000000; -0,00155484;
2568,000000; -0,00155484;
2569,000000; -0,00155484;
2570,000000; -0,03703667;
2571,000000; -0,03703667;
2572,000000; -0,03710743;
2573,000000; -0,03710743;
2574,000000; -0,03710743;
2575,000000; -0,03693945;
2576,000000; -0,03693945;
2577,000000; -0,03707063;
2578,000000; -0,04075794;
2579,000000; -0,04075794;
2580,000000; -0,04075794;
2581,000000; -0,04131124;
2582,000000; -0,04131124;
2583,000000; -0,04131124;
2584,000000; -0,04131124;
2585,000000; -0,04131124;
2586,000000; -0,04131124;
2587,000000; -0,04131124;
2588,000000; -0,04131124;
2589,000000; -0,04131124;
2590,000000; -0,04131124;
2591,000000; -0,03892944;
2592,000000; -0,03796403;
2593,000000; -0,03796403;
2594,000000; -0,06126017;
2595,000000; -0,04056083;
2596,000000; -0,03910879;
2597,000000; -0,03910879;
2598,000000; -0,04144802;
2599,000000; -0,04144802;
2600,000000; -0,04144802;
2601,000000; -0,04144802;
2602,000000; -0,04177550;
2603,000000; -0,03839307;
2604,000000; -0,04945733;
2605,000000; -0,04983922;
2606,000000; -0,05022699;
2607,000000; -0,05022699;
2608,000000; -0,05251741;
2609,000000; -0,04919352;
2610,000000; -0,04919352;
2611,000000; -0,04919352;
2612,000000; -0,04919352;
2613,000000; -0,04936857;
2614,000000; -0,04936857;
2615,000000; -0,04601371;
2616,000000; -0,04601371;
2617,000000; -0,04056295;
2618,000000; -0,03910028;
2619,000000; -0,03830844;
2620,000000; -0,03830844;
2621,000000; -0,03822085;
2622,000000; -0,03822085;
2623,000000; -0,03822085;
2624,000000; -0,03822085;
2625,000000; -0,03822085;
2626,000000; -0,03822085;
2627,000000; -0,03822085;
2628,000000; -0,03822085;
2629,000000; -0,03822085;
2630,000000; -0,03822085;
2631,000000; -0,03822085;
2632,000000; -0,07987957;
2633,000000; -0,04926420;
2634,000000; -0,03934917;
2635,000000; -0,03730364;
2636,000000; -0,03703703;
2637,000000; -0,03699677;
2638,000000; -0,03699205;
2639,000000; -0,03699205;
2640,000000; -0,03701189;
2641,000000; -0,03702321;
2642,000000; -0,03702321;
2643,000000; -0,03706723;
2644,000000; -0,03705267;
2645,000000; -0,03705267;
2646,000000; -0,03706754;
2647,000000; -0,03709199;
2648,000000; -0,27377552;
2649,000000; -0,24517795;
2650,000000; -0,24517795;
2651,000000; -0,20215607;
2652,000000; -0,13682783;
2653,000000; -0,13682783;
2654,000000; -0,13682783;
2655,000000; -0,10032086;
2656,000000; -0,10032086;
2657,000000; -0,10032086;
2658,000000; -0,10032086;
2659,000000; -0,10032086;
2660,000000; -0,10032086;
2661,000000; -0,10032086;
2662,000000; -0,15890328;
2663,000000; -0,15890328;
2664,000000; -0,11906222;
2665,000000; -0,11906222;
2666,000000; -0,05327836;
2667,000000; -0,26113001;
2668,000000; -0,18715565;
2669,000000; -0,19274677;
2670,000000; -0,52280682;
2671,000000; -0,52280682;
2672,000000; -0,50235506;
2673,000000; -0,20224840;
2674,000000; -0,07110053;
2675,000000; -0,07110053;
2676,000000; -0,07110053;
2677,000000; -0,07110053;
2678,000000; -0,07110053;
2679,000000; -0,05341235;
2680,000000; -0,05341235;
2681,000000; -0,05341235;
2682,000000; -0,05341235;
2683,000000; -0,05155583;
2684,000000; -0,05428240;
2685,000000; -0,04052838;
2686,000000; -0,04052838;
2687,000000; -0,04532064;
2688,000000; -0,04849613;
2689,000000; -0,04849613;
2690,000000; -0,04849613;
2691,000000; -0,04849613;
2692,000000; -0,04937093;
2693,000000; -0,04937093;
2694,000000; -0,04937093;
2695,000000; -0,04959468;
2696,000000; -0,04959468;
2697,000000; -0,04970732;
2698,000000; -0,04970732;
2699,000000; -0,04970732;
2700,000000; -0,04970732;
2701,000000; -0,04973555;
2702,000000; -0,04973555;
2703,000000; -0,04973555;
2704,000000; -0,04974968;
2705,000000; -0,04976382;
2706,000000; -0,04976382;
2707,000000; -0,04976736;
2708,000000; -0,07674950;
2709,000000; -0,06751805;
2710,000000; -0,06751805;
2711,000000; -0,07674950;
2712,000000; -0,07674950;
2713,000000; -0,04862365;
2714,000000; -0,04824623;
2715,000000; -0,04824623;
2716,000000; -0,04824623;
2717,000000; -0,04824623;
2718,000000; -0,04824623;
2719,000000; -0,04824623;
2720,000000; -0,05074867;
2721,000000; -0,05074867;
2722,000000; -0,05074867;
2723,000000; -0,05074867;
2724,000000; -0,05121441;
2725,000000; -0,05121441;
2726,000000; -0,05121441;
2727,000000; -0,05121441;
2728,000000; -0,05127317;
2729,000000; -0,05127317;
2730,000000; -0,05127317;
2731,000000; -0,05127317;
2732,000000; -0,05131731;
2733,000000; -0,04045930;
2734,000000; -0,04495575;
2735,000000; -0,04495575;
2736,000000; -0,03913932;
2737,000000; -0,03913932;
2738,000000; -0,03773960;
2739,000000; -0,03773960;
2740,000000; -0,03784183;
2741,000000; -0,03784183;
2742,000000; -0,03784183;
2743,000000; -0,03784183;
2744,000000; -0,03808992;
2745,000000; -0,03822712;
2746,000000; -0,03822712;
2747,000000; -0,03822712;
2748,000000; -0,03822712;
2749,000000; -0,03822712;
2750,000000; -0,03824489;
2751,000000; -0,03824935;
2752,000000; -0,03825159;
2753,000000; -0,03825159;
2754,000000; -0,03825159;
2755,000000; -0,03825187;
2756,000000; -0,03825187;
2757,000000; -0,03825187;
2758,000000; -0,03825187;
2759,000000; -0,03825194;
2760,000000; -0,03825194;
2761,000000; -0,03825200;
2762,000000; -0,03825200;
2763,000000; -0,03825200;
2764,000000; -0,03825200;
2765,000000; -0,03825200;
2766,000000; -0,03825200;
2767,000000; -0,03825200;
2768,000000; -0,03825200;
2769,000000; -0,03825200;
2770,000000; -0,03825200;
2771,000000; -0,03825200;
2772,000000; -0,03825200;
2773,000000; -0,03825200;
2774,000000; -0,03825200;
2775,000000; -0,03954450;
2776,000000; -0,03954450;
2777,000000; -0,03913239;
2778,000000; -0,03803286;
2779,000000; -0,03803286;
2780,000000; -0,03803286;
2781,000000; -0,03816605;
2782,000000; -0,03816605;
2783,000000; -0,03816605;
2784,000000; -0,03816605;
2785,000000; -0,03815559;
2786,000000; -0,03806717;
2787,000000; -0,03806717;
2788,000000; -0,03806717;
2789,000000; -0,03813712;
2790,000000; -0,02116975;
2791,000000; -0,02116975;
2792,000000; -0,02116975;
2793,000000; -0,02116975;
2794,000000; -0,02116975;
2795,000000; -0,02116975;
2796,000000; -0,07022818;
2797,000000; -0,07022818;
2798,000000; -0,03891156;
2799,000000; -0,03891156;
2800,000000; -0,03846768;
2801,000000; -0,03846768;
2802,000000; -0,03864152;
2803,000000; -0,03864152;
2804,000000; -0,03864152;
2805,000000; -0,03864152;
2806,000000; -0,03977220;
2807,000000; -0,03977220;
2808,000000; -0,03977220;
2809,000000; -0,03977220;
2810,000000; -0,03994937;
2811,000000; -0,03994937;
2812,000000; -0,03994937;
2813,000000; -0,03994937;
2814,000000; -0,03994937;
2815,000000; -0,03994937;
2816,000000; -0,04003241;
2817,000000; -0,04003241;
2818,000000; -0,04003241;
2819,000000; -0,03708566;
2820,000000; -0,03708566;
2821,000000; -0,03708566;
2822,000000; -0,03926346;
2823,000000; -0,03926346;
2824,000000; -0,03822170;
2825,000000; -0,03822170;
2826,000000; -0,03822170;
2827,000000; -0,03822170;
2828,000000; -0,03785647;
2829,000000; -0,03785647;
2830,000000; -0,03785647;
2831,000000; -0,03785647;
2832,000000; -0,03805421;
2833,000000; -0,03805421;
2834,000000; -0,03834096;
2835,000000; -0,03834096;
2836,000000; -0,03834096;
2837,000000; -0,03838565;
2838,000000; -0,03838565;
2839,000000; -0,03838565;
2840,000000; -0,03838565;
2841,000000; -0,03838565;
2842,000000; -0,03838565;
2843,000000; -0,03838565;
2844,000000; -0,03838565;
2845,000000; -0,03838565;
2846,000000; -0,03838565;
2847,000000; -0,03838565;
2848,000000; -0,03838565;
2849,000000; -0,03838565;
2850,000000; -0,03838565;
2851,000000; -0,03838565;
2852,000000; -0,03838565;
2853,000000; -0,03838565;
2854,000000; -0,03838565;
2855,000000; -0,03808755;
2856,000000; -0,03808755;
2857,000000; -0,03808755;
2858,000000; -0,03821598;
2859,000000; -0,03838565;
2860,000000; -0,03838565;
2861,000000; -0,03838565;
2862,000000; -0,03838565;
2863,000000; -0,03788480;
2864,000000; -0,03751307;
2865,000000; -0,04297280;
2866,000000; -0,04008519;
2867,000000; -0,04008519;
2868,000000; -0,03858993;
2869,000000; -0,03858993;
2870,000000; -0,03882031;
2871,000000; -0,03932346;
2872,000000; -0,04015788;
2873,000000; -0,03979653;
2874,000000; -0,04508981;
2875,000000; -0,04508981;
2876,000000; -0,04508981;
2877,000000; -0,05724716;
2878,000000; -0,03881083;
2879,000000; -0,03881083;
2880,000000; -0,03881083;
2881,000000; -0,03881083;
2882,000000; -0,03881083;
2883,000000; -0,04015190;
2884,000000; -0,04015190;
2885,000000; -0,04015190;
2886,000000; -0,04015190;
2887,000000; -0,03958941;
2888,000000; -0,03856375;
2889,000000; -0,03794766;
2890,000000; -0,03794766;
2891,000000; -0,03804008;
2892,000000; -0,03804008;
2893,000000; -0,03810988;
2894,000000; -0,03810988;
2895,000000; -0,03815714;
2896,000000; -0,03815714;
2897,000000; -0,03815714;
2898,000000; -0,03767936;
2899,000000; -0,03763993;
2900,000000; -0,03763993;
2901,000000; -0,03764173;
2902,000000; -0,03764489;
2903,000000; -0,03761486;
2904,000000; -0,03759564;
2905,000000; -0,03759564;
2906,000000; -0,03759770;
2907,000000; -0,03759681;
2908,000000; -0,03759681;
2909,000000; -0,03759681;
2910,000000; -0,03759681;
2911,000000; -0,03759681;
2912,000000; -0,03759681;
2913,000000; -0,03759713;
2914,000000; -0,03759713;
2915,000000; -0,03759713;
2916,000000; -0,03759713;
2917,000000; -0,03759713;
2918,000000; -0,03759717;
2919,000000; -0,03759717;
2920,000000; -0,03759720;
2921,000000; -0,03759720;
2922,000000; -0,03759720;
2923,000000; -0,03759720;
2924,000000; -0,03759720;
2925,000000; -0,03759720;
2926,000000; -0,03759720;
2927,000000; -0,03759720;
2928,000000; -0,03759720;
2929,000000; -0,03759720;
2930,000000; -0,03759720;
2931,000000; -0,00188826;
2932,000000; -0,03759720;
2933,000000; -0,03759720;
2934,000000; -0,03789678;
2935,000000; -0,03789678;
2936,000000; -0,03789678;
2937,000000; -0,03789678;
2938,000000; -0,03789678;
2939,000000; -0,03789678;
2940,000000; -0,03789678;
2941,000000; -0,03789678;
2942,000000; -0,03789678;
2943,000000; -0,03789678;
2944,000000; -0,03789678;
2945,000000; -0,03789678;
2946,000000; -0,03789678;
2947,000000; -0,03789678;
2948,000000; -0,03789678;
2949,000000; -0,03789678;
2950,000000; -0,03789678;
2951,000000; -0,03646152;
2952,000000; -0,03646152;
2953,000000; -0,05248820;
2954,000000; -0,05017366;
2955,000000; -0,04378217;
2956,000000; -0,05017366;
2957,000000; -0,05017366;
2958,000000; -0,06673400;
2959,000000; -0,04977148;
2960,000000; -0,04977148;
2961,000000; -0,04977148;
2962,000000; -0,04926762;
2963,000000; -0,04926762;
2964,000000; -0,05229348;
2965,000000; -0,05229348;
2966,000000; -0,05229348;
2967,000000; -0,05229348;
2968,000000; -0,05229348;
2969,000000; -0,05229348;
2970,000000; -0,05229348;
2971,000000; -0,05229348;
2972,000000; -0,05229348;
2973,000000; -0,05229348;
2974,000000; -0,04412907;
2975,000000; -0,05229348;
2976,000000; -0,04930781;
2977,000000; -0,05065473;
2978,000000; -0,05065473;
2979,000000; -0,04556158;
2980,000000; -0,04114198;
2981,000000; -0,04118361;
2982,000000; -0,04118361;
2983,000000; -0,04119532;
2984,000000; -0,04120138;
2985,000000; -0,04120138;
2986,000000; -0,04120756;
2987,000000; -0,04135965;
2988,000000; -0,04135965;
2989,000000; -0,07024243;
2990,000000; -0,05326957;
2991,000000; -0,03965658;
2992,000000; -0,03907353;
2993,000000; -0,03717608;
2994,000000; -0,03693088;
2995,000000; -0,03686841;
2996,000000; -0,03693088;
2997,000000; -0,03693088;
2998,000000; -0,03693088;
2999,000000; -0,04080763;
