ratio; opt_2; err_2; ratio; generations_2; err_2; ratio; opt_4; err_4; ratio; generations_4; err_4; ratio; opt_8; err_8; ratio; generations_8; err_8; ratio; opt_16; err_16; ratio; generations_16; err_16; ratio; opt_32; err_32; ratio; generations_32; err_32; 
0,000; 0,271; 0,238; 0,000; 2175,750; 1000,714; 0,000; 0,491; 0,233; 0,000; 3000,000; 0,000; 0,000; 0,486; 0,200; 0,000; 3000,000; 0,000; 0,000; 0,885; 0,106; 0,000; 3000,000; 0,000; 0,000; 0,999; 0,008; 0,000; 3000,000; 0,000; 
0,050; 0,498; 0,493; 0,050; 2135,450; 1071,306; 0,050; 0,328; 0,102; 0,050; 3000,000; 0,000; 0,050; 0,528; 0,309; 0,050; 3000,000; 0,000; 0,050; 0,887; 0,108; 0,050; 3000,000; 0,000; 0,050; 0,992; 0,013; 0,050; 3000,000; 0,000; 
0,100; 0,776; 0,890; 0,100; 2042,600; 1080,298; 0,100; 0,463; 0,271; 0,100; 3000,000; 0,000; 0,100; 0,499; 0,219; 0,100; 3000,000; 0,000; 0,100; 0,864; 0,085; 0,100; 3000,000; 0,000; 0,100; 0,989; 0,024; 0,100; 3000,000; 0,000; 
0,150; 0,413; 0,328; 0,150; 2293,350; 856,458; 0,150; 0,525; 0,266; 0,150; 3000,000; 0,000; 0,150; 0,520; 0,229; 0,150; 3000,000; 0,000; 0,150; 0,907; 0,095; 0,150; 3000,000; 0,000; 0,150; 0,993; 0,015; 0,150; 3000,000; 0,000; 
0,200; 0,499; 0,445; 0,200; 2118,050; 981,156; 0,200; 0,430; 0,177; 0,200; 3000,000; 0,000; 0,200; 0,489; 0,230; 0,200; 3000,000; 0,000; 0,200; 0,892; 0,117; 0,200; 3000,000; 0,000; 0,200; 0,993; 0,022; 0,200; 3000,000; 0,000; 
0,250; 0,433; 0,462; 0,250; 2164,900; 937,958; 0,250; 0,402; 0,254; 0,250; 3000,000; 0,000; 0,250; 0,590; 0,214; 0,250; 3000,000; 0,000; 0,250; 0,898; 0,072; 0,250; 3000,000; 0,000; 0,250; 0,991; 0,019; 0,250; 3000,000; 0,000; 
0,300; 0,555; 0,705; 0,300; 1658,950; 1114,404; 0,300; 0,469; 0,283; 0,300; 3000,000; 0,000; 0,300; 0,468; 0,171; 0,300; 3000,000; 0,000; 0,300; 0,919; 0,063; 0,300; 3000,000; 0,000; 0,300; 0,998; 0,013; 0,300; 3000,000; 0,000; 
0,350; 0,854; 0,895; 0,350; 1831,600; 1087,493; 0,350; 0,478; 0,227; 0,350; 3000,000; 0,000; 0,350; 0,538; 0,252; 0,350; 3000,000; 0,000; 0,350; 0,886; 0,110; 0,350; 3000,000; 0,000; 0,350; 0,989; 0,036; 0,350; 3000,000; 0,000; 
0,400; 0,506; 0,401; 0,400; 2133,700; 975,107; 0,400; 0,397; 0,222; 0,400; 3000,000; 0,000; 0,400; 0,519; 0,245; 0,400; 3000,000; 0,000; 0,400; 0,908; 0,093; 0,400; 3000,000; 0,000; 0,400; 0,997; 0,025; 0,400; 3000,000; 0,000; 
0,450; 0,457; 0,356; 0,450; 1920,500; 1184,882; 0,450; 0,506; 0,272; 0,450; 3000,000; 0,000; 0,450; 0,448; 0,198; 0,450; 3000,000; 0,000; 0,450; 0,926; 0,070; 0,450; 3000,000; 0,000; 0,450; 1,004; 0,006; 0,450; 3000,000; 0,000; 
0,500; 0,644; 0,824; 0,500; 1961,800; 1198,722; 0,500; 0,412; 0,228; 0,500; 3000,000; 0,000; 0,500; 0,533; 0,202; 0,500; 3000,000; 0,000; 0,500; 0,858; 0,127; 0,500; 3000,000; 0,000; 0,500; 0,994; 0,023; 0,500; 3000,000; 0,000; 
0,550; 0,675; 0,681; 0,550; 1962,700; 1121,613; 0,550; 0,409; 0,283; 0,550; 3000,000; 0,000; 0,550; 0,449; 0,274; 0,550; 3000,000; 0,000; 0,550; 0,847; 0,165; 0,550; 3000,000; 0,000; 0,550; 0,999; 0,013; 0,550; 3000,000; 0,000; 
0,600; 0,242; 0,215; 0,600; 2379,900; 859,007; 0,600; 0,524; 0,226; 0,600; 3000,000; 0,000; 0,600; 0,511; 0,259; 0,600; 3000,000; 0,000; 0,600; 0,877; 0,082; 0,600; 3000,000; 0,000; 0,600; 0,997; 0,011; 0,600; 3000,000; 0,000; 
0,650; 0,620; 0,559; 0,650; 1627,000; 1126,114; 0,650; 0,609; 0,376; 0,650; 3000,000; 0,000; 0,650; 0,505; 0,192; 0,650; 3000,000; 0,000; 0,650; 0,880; 0,122; 0,650; 3000,000; 0,000; 0,650; 0,996; 0,016; 0,650; 3000,000; 0,000; 
0,700; 0,507; 0,720; 0,700; 2651,050; 834,869; 0,700; 0,497; 0,257; 0,700; 3000,000; 0,000; 0,700; 0,531; 0,215; 0,700; 3000,000; 0,000; 0,700; 0,903; 0,074; 0,700; 3000,000; 0,000; 0,700; 0,995; 0,014; 0,700; 3000,000; 0,000; 
0,750; 0,742; 0,613; 0,750; 1401,450; 1093,617; 0,750; 0,442; 0,230; 0,750; 3000,000; 0,000; 0,750; 0,454; 0,147; 0,750; 3000,000; 0,000; 0,750; 0,880; 0,124; 0,750; 3000,000; 0,000; 0,750; 1,001; 0,012; 0,750; 3000,000; 0,000; 
0,800; 0,450; 0,362; 0,800; 2189,300; 987,890; 0,800; 0,539; 0,260; 0,800; 3000,000; 0,000; 0,800; 0,537; 0,231; 0,800; 3000,000; 0,000; 0,800; 0,912; 0,066; 0,800; 3000,000; 0,000; 0,800; 0,996; 0,010; 0,800; 3000,000; 0,000; 
0,850; 0,910; 1,030; 0,850; 1464,300; 960,182; 0,850; 0,387; 0,206; 0,850; 3000,000; 0,000; 0,850; 0,465; 0,226; 0,850; 3000,000; 0,000; 0,850; 0,911; 0,067; 0,850; 3000,000; 0,000; 0,850; 0,998; 0,010; 0,850; 3000,000; 0,000; 
0,900; 0,635; 0,506; 0,900; 1763,000; 1125,193; 0,900; 0,569; 0,253; 0,900; 3000,000; 0,000; 0,900; 0,543; 0,249; 0,900; 3000,000; 0,000; 0,900; 0,908; 0,075; 0,900; 3000,000; 0,000; 0,900; 0,996; 0,015; 0,900; 3000,000; 0,000; 
0,950; 0,529; 0,712; 0,950; 1858,450; 1143,355; 0,950; 0,496; 0,305; 0,950; 3000,000; 0,000; 0,950; 0,572; 0,222; 0,950; 3000,000; 0,000; 0,950; 0,898; 0,121; 0,950; 3000,000; 0,000; 0,950; 1,000; 0,009; 0,950; 3000,000; 0,000; 
1,000; 0,830; 1,522; 1,000; 2035,050; 1096,264; 1,000; 0,478; 0,324; 1,000; 3000,000; 0,000; 1,000; 0,491; 0,239; 1,000; 3000,000; 0,000; 1,000; 0,845; 0,100; 1,000; 3000,000; 0,000; 1,000; 1,000; 0,007; 1,000; 3000,000; 0,000; 
