0; 5,78406503; 
1; 5,35417580; 
2; 5,08268311; 
3; 5,08268311; 
4; 4,91631229; 
5; 4,51949159; 
6; 3,76328710; 
7; 3,33114184; 
8; 3,12295278; 
9; 3,00822120; 
10; 3,04960521; 
11; 3,04960521; 
12; 2,99278725; 
13; 2,99484037; 
14; 2,38919083; 
15; 2,99484037; 
16; 2,99484037; 
17; 2,99412491; 
18; 2,99430707; 
19; 2,99430707; 
20; 2,99430707; 
21; 2,99430707; 
22; 2,99430707; 
23; 2,99430707; 
24; 2,99430707; 
25; 2,99430707; 
26; 2,99430707; 
27; 2,99013457; 
28; 2,99079458; 
29; 2,99079458; 
30; 2,99079458; 
31; 2,99079458; 
32; 2,99079458; 
33; 2,99079458; 
34; 2,99079458; 
35; 2,99079458; 
36; 2,99079458; 
37; 2,99079458; 
38; 2,86516075; 
39; 2,75940481; 
40; 2,99079458; 
41; 2,48670841; 
42; 2,61269657; 
43; 2,99005988; 
44; 2,56113248; 
45; 2,59407767; 
46; 2,99005988; 
47; 2,99005988; 
48; 2,99005988; 
49; 2,93040886; 
50; 2,93040886; 
51; 2,99005988; 
52; 2,99005988; 
53; 2,99005988; 
54; 2,99005988; 
55; 2,99005988; 
56; 2,99005988; 
57; 2,99005988; 
58; 2,99005988; 
59; 2,99005988; 
60; 2,88369632; 
61; 2,85794125; 
62; 2,60119919; 
63; 2,60119919; 
64; 2,30322318; 
65; 1,90540809; 
66; 2,17755796; 
67; 1,98040314; 
68; 1,94973691; 
69; 1,92480647; 
70; 1,67921488; 
71; 1,91109609; 
72; 1,91109609; 
73; 1,63854672; 
74; 1,90858559; 
75; 1,90858559; 
76; 1,90858559; 
77; 1,90858559; 
78; 1,90858559; 
79; 1,90858559; 
80; 1,90858559; 
81; 1,87371975; 
82; 1,87511398; 
83; 1,87215295; 
84; 1,86969190; 
85; 1,87126973; 
86; 1,87126973; 
87; 1,87126973; 
88; 1,87126973; 
89; 1,87126973; 
90; 1,66520061; 
91; 1,66520061; 
92; 1,80105707; 
93; 1,87126973; 
94; 1,87126973; 
95; 1,76152441; 
96; 1,87126973; 
97; 1,87126973; 
98; 1,87126973; 
99; 1,87126973; 
100; 1,87097552; 
101; 1,87111601; 
102; 1,87111601; 
103; 1,87111601; 
104; 1,87111601; 
105; 1,87111601; 
106; 1,87111601; 
107; 1,87111601; 
108; 1,87111601; 
109; 1,87111601; 
110; 1,87111601; 
111; 1,87111601; 
112; 1,87111601; 
113; 1,87111601; 
114; 1,87111601; 
115; 1,87111601; 
116; 1,87111601; 
117; 1,74147993; 
118; 1,66245916; 
119; 1,87111601; 
120; 1,87111601; 
121; 1,87732815; 
122; 1,87732815; 
123; 1,87732815; 
124; 1,87732815; 
125; 1,87732815; 
126; 1,87732815; 
127; 1,35553580; 
128; 1,86160279; 
129; 1,86160279; 
130; 1,50615708; 
131; 1,50615708; 
132; 1,21709570; 
133; 1,88661100; 
134; 1,88661100; 
135; 1,17065752; 
136; 1,17065752; 
137; 1,88490993; 
138; 1,80502862; 
139; 1,22048650; 
140; 1,22048650; 
141; 1,09441789; 
142; 1,41296604; 
143; 1,27009823; 
144; 1,34143806; 
145; 1,35246741; 
146; 1,35299398; 
147; 1,00596934; 
148; 1,23199850; 
149; 1,14370212; 
150; 1,14370212; 
151; 1,30324824; 
152; 0,99571625; 
153; 0,90908531; 
154; 0,93201532; 
155; 0,92879070; 
156; 0,89207991; 
157; 0,90099841; 
158; 0,90099841; 
159; 0,57971329; 
160; 0,75323250; 
161; 0,89819671; 
162; 0,88609308; 
163; 0,88609308; 
164; 0,88609308; 
165; 0,88609308; 
166; 0,88609308; 
167; 0,88609308; 
168; 0,88609308; 
169; 0,88609308; 
170; 0,64715141; 
171; 0,64715141; 
172; 0,64715141; 
173; 0,64715141; 
174; 0,64715141; 
175; 0,64715141; 
176; 0,88609308; 
177; 0,88609308; 
178; 0,88609308; 
179; 0,88609308; 
180; 0,88609308; 
181; 0,88609308; 
182; 0,88609308; 
183; 0,63361590; 
184; 0,88609308; 
185; 0,88609308; 
186; 0,62847425; 
187; 0,84366267; 
188; 0,88609308; 
189; 0,72552128; 
190; 0,60068329; 
191; 0,64383114; 
192; 0,56924057; 
193; 0,56924057; 
194; 0,57448787; 
195; 0,57407842; 
196; 0,57407842; 
197; 0,57462968; 
198; 0,57462968; 
199; 0,56992225; 
200; 0,57221649; 
201; 0,57221649; 
202; 0,57221649; 
203; 0,57221649; 
204; 0,54786680; 
205; 0,55664811; 
206; 0,54579964; 
207; 0,54828113; 
208; 0,54828113; 
209; 0,54828113; 
210; 0,54828113; 
211; 0,54828113; 
212; 0,54742675; 
213; 0,54580308; 
214; 0,54580308; 
215; 0,54580308; 
216; 0,54580308; 
217; 0,54580308; 
218; 0,54146360; 
219; 0,54293379; 
220; 0,54293379; 
221; 0,54293379; 
222; 0,54293379; 
223; 0,54293379; 
224; 0,54293379; 
225; 0,54293379; 
226; 0,54293379; 
227; 0,54293379; 
228; 0,54293379; 
229; 0,54293379; 
230; 0,54293379; 
231; 0,54293379; 
232; 0,51609808; 
233; 0,51609808; 
234; 0,54293379; 
235; 0,54293379; 
236; 0,54293379; 
237; 0,54293379; 
238; 0,54293379; 
239; 0,54293379; 
240; 0,54143584; 
241; 0,54143929; 
242; 0,54143929; 
243; 0,54167307; 
244; 0,54167307; 
245; 0,54167307; 
246; 0,54167307; 
247; 0,54167307; 
248; 0,54167307; 
249; 0,54167307; 
250; 0,54167307; 
251; 0,54167307; 
252; 0,54167307; 
253; 0,54167307; 
254; 0,54167307; 
255; 0,54167307; 
256; 0,54167307; 
257; 0,54167307; 
258; 0,54167307; 
259; 0,54167307; 
260; 0,42097275; 
261; 0,54167307; 
262; 0,54167307; 
263; 0,54165803; 
264; 0,54166455; 
265; 0,54166455; 
266; 0,54166455; 
267; 0,54166455; 
268; 0,54166455; 
269; 0,54166455; 
270; 0,54166455; 
271; 0,54166455; 
272; 0,54166455; 
273; 0,54130124; 
274; 0,54144133; 
275; 0,54144133; 
276; 0,54144133; 
277; 0,54146469; 
278; 0,54146469; 
279; 0,54146469; 
280; 0,54146469; 
281; 0,54146469; 
282; 0,47760968; 
283; 0,54146469; 
284; 0,54146469; 
285; 0,29568178; 
286; 0,54146469; 
287; 0,54146469; 
288; 0,54146469; 
289; 0,54146469; 
290; 0,54146469; 
291; 0,54146469; 
292; 0,54146469; 
293; 0,54146469; 
294; 0,54146469; 
295; 0,54146469; 
296; 0,54146469; 
297; 0,54146469; 
298; 0,33931560; 
299; 0,54146469; 
300; 0,54146469; 
301; 0,54146469; 
302; 0,54146469; 
303; 0,54146469; 
304; 0,54146469; 
305; 0,54146469; 
306; 0,54146469; 
307; 0,54146469; 
308; 0,54146469; 
309; 0,54146469; 
310; 0,54146469; 
311; 0,51611933; 
312; 0,54146469; 
313; 0,54146469; 
314; 0,54146469; 
315; 0,54146469; 
316; 0,54146469; 
317; 0,54146469; 
318; 0,54146469; 
319; 0,54146469; 
320; 0,54146469; 
321; 0,54146469; 
322; 0,54146469; 
323; 0,54146469; 
324; 0,54146469; 
325; 0,54146469; 
326; 0,54146469; 
327; 0,54146469; 
328; 0,54146469; 
329; 0,54146469; 
330; 0,54146469; 
331; 0,54146469; 
332; 0,54146469; 
333; 0,54146469; 
334; 0,54146469; 
335; 0,54146469; 
336; 0,54146469; 
337; 0,54146469; 
338; 0,54146469; 
339; 0,54146469; 
340; 0,54146469; 
341; 0,54146469; 
342; 0,54146469; 
343; 0,54146469; 
344; 0,54146469; 
345; 0,54146469; 
346; 0,54146469; 
347; 0,54146469; 
348; 0,54146469; 
349; 0,54146469; 
350; 0,54146469; 
351; 0,54146469; 
352; 0,54146469; 
353; 0,54146469; 
354; 0,54146469; 
355; 0,54146469; 
356; 0,54146469; 
357; 0,54146469; 
358; 0,54146469; 
359; 0,54146469; 
360; 0,54146469; 
361; 0,54146469; 
362; 0,54146469; 
363; 0,54146469; 
364; 0,31133455; 
365; 0,34345992; 
366; 0,54146469; 
367; 0,34764889; 
368; 0,34764889; 
369; 0,37783405; 
370; 0,54146469; 
371; 0,54146469; 
372; 0,54146469; 
373; 0,39630518; 
374; 0,54146469; 
375; 0,54146469; 
376; 0,54146469; 
377; 0,54146469; 
378; 0,54146469; 
379; 0,54146469; 
380; 0,54146469; 
381; 0,54146469; 
382; 0,54146469; 
383; 0,54146469; 
384; 0,54146469; 
385; 0,54146469; 
386; 0,54146469; 
387; 0,54146469; 
388; 0,54146469; 
389; 0,54146469; 
390; 0,54146469; 
391; 0,54146469; 
392; 0,54146469; 
393; 0,54146469; 
394; 0,54146469; 
395; 0,54146469; 
396; 0,54146469; 
397; 0,54146469; 
398; 0,54146469; 
399; 0,54146469; 
400; 0,54146469; 
401; 0,54146469; 
402; 0,54146469; 
403; 0,54146469; 
404; 0,54146469; 
405; 0,54146469; 
406; 0,54146469; 
407; 0,54146469; 
408; 0,54146469; 
409; 0,54146469; 
410; 0,54146469; 
411; 0,54146469; 
412; 0,53237761; 
413; 0,53237761; 
414; 0,54146469; 
415; 0,54146469; 
416; 0,54146469; 
417; 0,54146469; 
418; 0,54146469; 
419; 0,54146469; 
420; 0,54146469; 
421; 0,54146469; 
422; 0,54146469; 
423; 0,54146469; 
424; 0,54146469; 
425; 0,54146469; 
426; 0,54146469; 
427; 0,54146469; 
428; 0,54146469; 
429; 0,54146469; 
430; 0,54146469; 
431; 0,54146469; 
432; 0,54146469; 
433; 0,54127635; 
434; 0,54126354; 
435; 0,54126354; 
436; 0,54126354; 
437; 0,54126354; 
438; 0,54126354; 
439; 0,54126354; 
440; 0,54126354; 
441; 0,54126354; 
442; 0,54126354; 
443; 0,54126354; 
444; 0,54126354; 
445; 0,54126354; 
446; 0,54126354; 
447; 0,54126354; 
448; 0,54126354; 
449; 0,54126354; 
450; 0,54126354; 
451; 0,54126354; 
452; 0,54126354; 
453; 0,54126354; 
454; 0,54126354; 
455; 0,54126354; 
456; 0,54126354; 
457; 0,54126354; 
458; 0,54126354; 
459; 0,54126354; 
460; 0,54125645; 
461; 0,54125645; 
462; 0,54125799; 
463; 0,54125799; 
464; 0,54125799; 
465; 0,32882735; 
466; 0,54125799; 
467; 0,31864621; 
468; 0,34134743; 
469; 0,54125799; 
470; 0,54125799; 
471; 0,54125799; 
472; 0,54125799; 
473; 0,54125799; 
474; 0,54125799; 
475; 0,54125799; 
476; 0,54125799; 
477; 0,54125799; 
478; 0,54125799; 
479; 0,54125799; 
480; 0,54125799; 
481; 0,36946676; 
482; 0,36946676; 
483; 0,54125799; 
484; 0,54125799; 
485; 0,54125799; 
486; 0,54125799; 
487; 0,54125799; 
488; 0,51500228; 
489; 0,54125799; 
490; 0,54125799; 
491; 0,54125799; 
492; 0,54125799; 
493; 0,54125799; 
494; 0,54125799; 
495; 0,54125799; 
496; 0,54125799; 
497; 0,54125799; 
498; 0,54125799; 
499; 0,54125799; 
500; 0,54125799; 
501; 0,54125799; 
502; 0,54125799; 
503; 0,54125799; 
504; 0,54125799; 
505; 0,54125799; 
506; 0,54125799; 
507; 0,54125799; 
508; 0,54125799; 
509; 0,54125799; 
510; 0,54125799; 
511; 0,54125799; 
512; 0,54125799; 
513; 0,54125799; 
514; 0,54125799; 
515; 0,54125799; 
516; 0,54125799; 
517; 0,54125799; 
518; 0,54125799; 
519; 0,54125799; 
520; 0,54125799; 
521; 0,54125799; 
522; 0,54125799; 
523; 0,46151434; 
524; 0,54125799; 
525; 0,54125799; 
526; 0,54125799; 
527; 0,54125799; 
528; 0,54125799; 
529; 0,54125799; 
530; 0,54125799; 
531; 0,54125799; 
532; 0,54125799; 
533; 0,41114652; 
534; 0,54125799; 
535; 0,54125799; 
536; 0,54125799; 
537; 0,54125799; 
538; 0,54125799; 
539; 0,54125799; 
540; 0,54125799; 
541; 0,54125799; 
542; 0,54125799; 
543; 0,54125799; 
544; 0,54125799; 
545; 0,54125799; 
546; 0,54125799; 
547; 0,54125799; 
548; 0,54125799; 
549; 0,54125799; 
550; 0,54125799; 
551; 0,54125799; 
552; 0,54125799; 
553; 0,54125799; 
554; 0,54125799; 
555; 0,54125799; 
556; 0,54125799; 
557; 0,54125799; 
558; 0,34940021; 
559; 0,34940021; 
560; 0,54125799; 
561; 0,54125799; 
562; 0,54124955; 
563; 0,54125148; 
564; 0,54125148; 
565; 0,54125148; 
566; 0,54125148; 
567; 0,54125148; 
568; 0,54125148; 
569; 0,54125148; 
570; 0,54125148; 
571; 0,54125148; 
572; 0,54125148; 
573; 0,54125148; 
574; 0,54125148; 
575; 0,54125148; 
576; 0,54125148; 
577; 0,54125148; 
578; 0,54125148; 
579; 0,54125148; 
580; 0,54125148; 
581; 0,54125148; 
582; 0,54125148; 
583; 0,54125148; 
584; 0,54125148; 
585; 0,54125148; 
586; 0,54125148; 
587; 0,54125148; 
588; 0,54125148; 
589; 0,54125148; 
590; 0,54125148; 
591; 0,54125148; 
592; 0,32924463; 
593; 0,42355034; 
594; 0,38568032; 
595; 0,54125148; 
596; 0,54125148; 
597; 0,54171762; 
598; 0,54135192; 
599; 0,54126968; 
600; 0,54126968; 
601; 0,54126968; 
602; 0,54126968; 
603; 0,54126968; 
604; 0,54126968; 
605; 0,54126968; 
606; 0,54126968; 
607; 0,54126968; 
608; 0,54126968; 
609; 0,54126968; 
610; 0,54126968; 
611; 0,54126968; 
612; 0,54126968; 
613; 0,54126968; 
614; 0,54126968; 
615; 0,54126968; 
616; 0,54126968; 
617; 0,54126968; 
618; 0,54126968; 
619; 0,54126968; 
620; 0,54126968; 
621; 0,54126968; 
622; 0,54126968; 
623; 0,54126968; 
624; 0,54126968; 
625; 0,54126968; 
626; 0,54126968; 
627; 0,54126968; 
628; 0,54126968; 
629; 0,54126968; 
630; 0,54126968; 
631; 0,54126968; 
632; 0,54126968; 
633; 0,54126968; 
634; 0,54126968; 
635; 0,54126968; 
636; 0,54126968; 
637; 0,54126968; 
638; 0,39285513; 
639; 0,54126968; 
640; 0,39261869; 
641; 0,39261869; 
642; 0,54126968; 
643; 0,54126968; 
644; 0,54126968; 
645; 0,54126968; 
646; 0,54126968; 
647; 0,54126968; 
648; 0,54126968; 
649; 0,54126968; 
650; 0,54126968; 
651; 0,54126968; 
652; 0,54126968; 
653; 0,54126968; 
654; 0,54126968; 
655; 0,54126968; 
656; 0,54126968; 
657; 0,54126968; 
658; 0,54126968; 
659; 0,32673548; 
660; 0,54126968; 
661; 0,54126968; 
662; 0,54126968; 
663; 0,54126968; 
664; 0,54126968; 
665; 0,50312477; 
666; 0,54126968; 
667; 0,54126968; 
668; 0,54126968; 
669; 0,54126968; 
670; 0,54126968; 
671; 0,54126968; 
672; 0,54126968; 
673; 0,54126968; 
674; 0,54126968; 
675; 0,48372660; 
676; 0,33494000; 
677; 0,54126968; 
678; 0,54126968; 
679; 0,54126968; 
680; 0,54126968; 
681; 0,54126968; 
682; 0,54126968; 
683; 0,54126968; 
684; 0,54126968; 
685; 0,54126968; 
686; 0,54126968; 
687; 0,54126968; 
688; 0,54126968; 
689; 0,54126968; 
690; 0,54126968; 
691; 0,54126968; 
692; 0,54126968; 
693; 0,54126968; 
694; 0,54126968; 
695; 0,54126968; 
696; 0,54126968; 
697; 0,54126968; 
698; 0,54126968; 
699; 0,54126968; 
700; 0,54126968; 
701; 0,54126968; 
702; 0,54126968; 
703; 0,54126968; 
704; 0,54126968; 
705; 0,54126968; 
706; 0,54126968; 
707; 0,54126968; 
708; 0,54126968; 
709; 0,54126968; 
710; 0,54126968; 
711; 0,54126968; 
712; 0,54126968; 
713; 0,54126968; 
714; 0,42451492; 
715; 0,51190058; 
716; 0,29515705; 
717; 0,54126968; 
718; 0,54126968; 
719; 0,54126968; 
720; 0,54126968; 
721; 0,54126968; 
722; 0,53173705; 
723; 0,54126968; 
724; 0,54126968; 
725; 0,54126239; 
726; 0,54126584; 
727; 0,54126584; 
728; 0,54126584; 
729; 0,54126584; 
730; 0,54126584; 
731; 0,54126584; 
732; 0,54126584; 
733; 0,54126584; 
734; 0,54126584; 
735; 0,54126584; 
736; 0,54126584; 
737; 0,54126584; 
738; 0,54126584; 
739; 0,54126584; 
740; 0,37867372; 
741; 0,54126584; 
742; 0,54126584; 
743; 0,54126584; 
744; 0,54126584; 
745; 0,54126584; 
746; 0,38553158; 
747; 0,54126584; 
748; 0,54126584; 
749; 0,54126584; 
750; 0,54126584; 
751; 0,54126584; 
752; 0,54126584; 
753; 0,54126584; 
754; 0,54126584; 
755; 0,54126584; 
756; 0,54126584; 
757; 0,54126584; 
758; 0,54126584; 
759; 0,54126584; 
760; 0,37405208; 
761; 0,54126584; 
762; 0,54126584; 
763; 0,54126584; 
764; 0,54126584; 
765; 0,54126584; 
766; 0,54126584; 
767; 0,54126584; 
768; 0,54126584; 
769; 0,54126584; 
770; 0,54126584; 
771; 0,54126584; 
772; 0,54126584; 
773; 0,54126584; 
774; 0,54126584; 
775; 0,54126584; 
776; 0,45542151; 
777; 0,54126584; 
778; 0,39501952; 
779; 0,54126584; 
780; 0,54126584; 
781; 0,30596175; 
782; 0,34714612; 
783; 0,29749356; 
784; 0,54321601; 
785; 0,56445901; 
786; 0,56035192; 
787; 0,55731192; 
788; 0,55731192; 
789; 0,54705639; 
790; 0,54926556; 
791; 0,54926556; 
792; 0,55059451; 
793; 0,55059451; 
794; 0,54752096; 
795; 0,54795424; 
796; 0,54776519; 
797; 0,54776519; 
798; 0,54776519; 
799; 0,54776519; 
800; 0,54776519; 
801; 0,54776519; 
802; 0,54776519; 
803; 0,54776519; 
804; 0,54776519; 
805; 0,54776519; 
806; 0,54776519; 
807; 0,54776519; 
808; 0,54776519; 
809; 0,54776519; 
810; 0,54776519; 
811; 0,54776519; 
812; 0,54776519; 
813; 0,54776519; 
814; 0,54776519; 
815; 0,54776519; 
816; 0,54776519; 
817; 0,54776519; 
818; 0,54776519; 
819; 0,54776519; 
820; 0,54776519; 
821; 0,54776519; 
822; 0,54776519; 
823; 0,54776519; 
824; 0,54776519; 
825; 0,54776519; 
826; 0,54776519; 
827; 0,54260241; 
828; 0,54260241; 
829; 0,54332158; 
830; 0,54332158; 
831; 0,52716394; 
832; 0,52040403; 
833; 0,54332158; 
834; 0,54332158; 
835; 0,54332158; 
836; 0,54332158; 
837; 0,54332158; 
838; 0,54332158; 
839; 0,54321853; 
840; 0,50849284; 
841; 0,54326942; 
842; 0,54326942; 
843; 0,49541693; 
844; 0,54326942; 
845; 0,42159211; 
846; 0,54326942; 
847; 0,54326942; 
848; 0,54326942; 
849; 0,54326942; 
850; 0,54326942; 
851; 0,54326942; 
852; 0,54326942; 
853; 0,54326942; 
854; 0,54326942; 
855; 0,54326942; 
856; 0,54326942; 
857; 0,54326942; 
858; 0,54326942; 
859; 0,54326942; 
860; 0,54326942; 
861; 0,54326942; 
862; 0,54326942; 
863; 0,54326942; 
864; 0,54326942; 
865; 0,54326942; 
866; 0,54326942; 
867; 0,54326942; 
868; 0,54326942; 
869; 0,54326942; 
870; 0,54326942; 
871; 0,54326942; 
872; 0,54326942; 
873; 0,54227940; 
874; 0,54227940; 
875; 0,54228720; 
876; 0,54235101; 
877; 0,54235101; 
878; 0,54235101; 
879; 0,54235101; 
880; 0,54235101; 
881; 0,54235101; 
882; 0,54235101; 
883; 0,29313919; 
884; 0,54235101; 
885; 0,54235101; 
886; 0,54235101; 
887; 0,54235101; 
888; 0,54235101; 
889; 0,54235101; 
890; 0,54235101; 
891; 0,54235101; 
892; 0,54235101; 
893; 0,54235101; 
894; 0,54235101; 
895; 0,54235101; 
896; 0,54235101; 
897; 0,54235101; 
898; 0,43804257; 
899; 0,43804257; 
900; 0,54235101; 
901; 0,54235101; 
902; 0,54235101; 
903; 0,33728481; 
904; 0,33231320; 
905; 0,54235101; 
906; 0,54235101; 
907; 0,54235101; 
908; 0,37717270; 
909; 0,53119044; 
910; 0,54182886; 
911; 0,54182886; 
912; 0,54182886; 
913; 0,54182886; 
914; 0,54182886; 
915; 0,54182886; 
916; 0,54182886; 
917; 0,54179778; 
918; 0,54131722; 
919; 0,54131722; 
920; 0,54131722; 
921; 0,54131722; 
922; 0,54131722; 
923; 0,54131722; 
924; 0,54131722; 
925; 0,54131722; 
926; 0,54131722; 
927; 0,54131722; 
928; 0,54131722; 
929; 0,34466153; 
930; 0,54131722; 
931; 0,54131722; 
932; 0,54131722; 
933; 0,54131722; 
934; 0,54131722; 
935; 0,54131722; 
936; 0,54131722; 
937; 0,54131722; 
938; 0,54131722; 
939; 0,42498810; 
940; 0,35624804; 
941; 0,35624804; 
942; 0,35624804; 
943; 0,54131722; 
944; 0,54131722; 
945; 0,54159052; 
946; 0,54159052; 
947; 0,54159052; 
948; 0,54159052; 
949; 0,54159052; 
950; 0,54159052; 
951; 0,54159052; 
952; 0,54159052; 
953; 0,54159052; 
954; 0,54151464; 
955; 0,54151035; 
956; 0,54151035; 
957; 0,43964878; 
958; 0,54151035; 
959; 0,54151035; 
960; 0,54151035; 
961; 0,54151035; 
962; 0,54151035; 
963; 0,54151035; 
964; 0,54151035; 
965; 0,54151035; 
966; 0,54151035; 
967; 0,54151035; 
968; 0,54151035; 
969; 0,54151035; 
970; 0,54151035; 
971; 0,54151035; 
972; 0,54151035; 
973; 0,54151035; 
974; 0,54151035; 
975; 0,54151035; 
976; 0,54151035; 
977; 0,54151035; 
978; 0,54151035; 
979; 0,54151035; 
980; 0,54151035; 
981; 0,54151035; 
982; 0,54151035; 
983; 0,54151035; 
984; 0,54151035; 
985; 0,43728839; 
986; 0,54151035; 
987; 0,54151035; 
988; 0,54151035; 
989; 0,54151035; 
990; 0,54151035; 
991; 0,54151035; 
992; 0,54151035; 
993; 0,54151035; 
994; 0,54151035; 
995; 0,54151035; 
996; 0,54151035; 
997; 0,54151035; 
998; 0,54151035; 
999; 0,54151035; 
1000; 0,54151035; 
1001; 0,54151035; 
1002; 0,54151035; 
1003; 0,32665833; 
1004; 0,47602267; 
1005; 0,34050230; 
1006; 0,38408999; 
1007; 0,38408999; 
1008; 0,38408999; 
1009; 0,54151035; 
1010; 0,54151035; 
1011; 0,54151035; 
1012; 0,54151035; 
1013; 0,54151035; 
1014; 0,54151035; 
1015; 0,54151035; 
1016; 0,54151035; 
1017; 0,54151035; 
1018; 0,54151035; 
1019; 0,54151035; 
1020; 0,54151035; 
1021; 0,54151035; 
1022; 0,54151035; 
1023; 0,52950599; 
1024; 0,40582692; 
1025; 0,31449884; 
1026; 0,31449884; 
1027; 0,29524372; 
1028; 0,36839323; 
1029; 0,26958509; 
1030; 0,81873769; 
1031; 0,36130371; 
1032; 0,21077862; 
1033; 0,17833496; 
1034; 0,17833496; 
1035; 0,17833496; 
1036; 0,17833496; 
1037; 0,17833496; 
1038; 0,17833496; 
1039; 0,17833496; 
1040; 0,17730006; 
1041; 0,15382976; 
1042; 0,16041130; 
1043; 0,16041130; 
1044; 0,16041130; 
1045; 0,16041130; 
1046; 0,14705494; 
1047; 0,15311292; 
1048; 0,15311292; 
1049; 0,15311292; 
1050; 0,15311292; 
1051; 0,15311292; 
1052; 0,15311292; 
1053; 0,14865230; 
1054; 0,15080304; 
1055; 0,15080304; 
1056; 0,15080304; 
1057; 0,15080304; 
1058; 0,15080304; 
1059; 0,15080304; 
1060; 0,15080304; 
1061; 0,15080304; 
1062; 0,15080304; 
1063; 0,14433554; 
1064; 0,13553779; 
1065; 0,13553779; 
1066; 0,13553779; 
1067; 0,13553779; 
1068; 0,13553779; 
1069; 0,13553779; 
1070; 0,13553779; 
1071; 0,13553779; 
1072; 0,13553779; 
1073; 0,13553779; 
1074; 0,13553779; 
1075; 0,13553779; 
1076; 0,13553779; 
1077; 0,13553779; 
1078; 0,13553779; 
1079; 0,13553779; 
1080; 0,13553779; 
1081; 0,13553779; 
1082; 0,13553779; 
1083; 0,13553779; 
1084; 0,13553779; 
1085; 0,13553779; 
1086; 0,13553779; 
1087; 0,13553779; 
1088; 0,13553779; 
1089; 0,13553779; 
1090; 0,13553779; 
1091; 0,13553779; 
1092; 0,13553779; 
1093; 0,13553779; 
1094; 0,13553779; 
1095; 0,13553779; 
1096; 0,13553779; 
1097; 0,13553779; 
1098; 0,13553779; 
1099; 0,13553779; 
1100; 0,13553779; 
1101; 0,13553779; 
1102; 0,13553779; 
1103; 0,13553779; 
1104; 0,13553779; 
1105; 0,13553779; 
1106; 0,13553779; 
1107; 0,13553779; 
1108; 0,13553779; 
1109; 0,13553779; 
1110; 0,13553779; 
1111; 0,13553779; 
1112; 0,13553779; 
1113; 0,09403745; 
1114; 0,13553779; 
1115; 0,05767148; 
1116; 0,05767148; 
1117; 0,05767148; 
1118; 0,05452421; 
1119; 0,05452421; 
1120; 0,05452421; 
1121; 0,05452421; 
1122; 0,05452421; 
1123; 0,05452421; 
1124; 0,05452421; 
1125; 0,05452421; 
1126; 0,05452421; 
1127; 0,05398069; 
1128; 0,05130543; 
1129; 0,04986403; 
1130; 0,04986403; 
1131; 0,05029160; 
1132; 0,05029160; 
1133; 0,05029160; 
1134; 0,05029160; 
1135; 0,05029160; 
1136; 0,05029160; 
1137; 0,05029160; 
1138; 0,05029160; 
1139; 0,05029160; 
1140; 0,04970878; 
1141; 0,04995719; 
1142; 0,04995719; 
1143; 0,04995719; 
1144; 0,04995719; 
1145; 0,04995719; 
1146; 0,04995719; 
1147; 0,04995719; 
1148; 0,04960536; 
1149; 0,04960536; 
1150; 0,04967339; 
1151; 0,04967339; 
1152; 0,04967339; 
1153; 0,04967339; 
1154; 0,04967339; 
1155; 0,04967339; 
1156; 0,04967339; 
1157; 0,04967339; 
1158; 0,04967339; 
1159; 0,04967339; 
1160; 0,04967339; 
1161; 0,04967339; 
1162; 0,04967339; 
1163; 0,04967339; 
1164; 0,04967339; 
1165; 0,04967339; 
1166; 0,04967339; 
1167; 0,04967339; 
1168; 0,04967339; 
1169; 0,04967339; 
1170; 0,04967339; 
1171; 0,04967339; 
1172; 0,04967339; 
1173; 0,04967339; 
1174; 0,04967339; 
1175; 0,04967339; 
1176; 0,04967339; 
1177; 0,04967339; 
1178; 0,04967339; 
1179; 0,04967339; 
1180; 0,04967339; 
1181; 0,04967339; 
1182; 0,04967339; 
1183; 0,04967339; 
1184; 0,04967339; 
1185; 0,04967339; 
1186; 0,04967339; 
1187; 0,04967339; 
1188; 0,04967339; 
1189; 0,04967339; 
1190; 0,04967339; 
1191; 0,04967339; 
1192; 0,04967339; 
1193; 0,04967339; 
1194; 0,04967339; 
1195; 0,04967339; 
1196; 0,03690422; 
1197; 0,04967339; 
1198; 0,04967339; 
1199; 0,04967339; 
1200; 0,04967339; 
1201; 0,04967339; 
1202; 0,04967339; 
1203; 0,04967339; 
1204; 0,04967339; 
1205; 0,04967339; 
1206; 0,04967339; 
1207; 0,04967339; 
1208; 0,04967339; 
1209; 0,04967339; 
1210; 0,04967339; 
1211; 0,04967339; 
1212; 0,04967339; 
1213; 0,04967339; 
1214; 0,04967339; 
1215; 0,04967339; 
1216; 0,04967339; 
1217; 0,04967339; 
1218; 0,04967339; 
1219; 0,04967339; 
1220; 0,04967339; 
1221; 0,04967339; 
1222; 0,04967339; 
1223; 0,04967339; 
1224; 0,04967339; 
1225; 0,04967339; 
1226; 0,04967339; 
1227; 0,04967339; 
1228; 0,04967339; 
1229; 0,04967339; 
1230; 0,04967339; 
1231; 0,04967339; 
1232; 0,04967339; 
1233; 0,04967339; 
1234; 0,04967339; 
1235; 0,04967339; 
1236; 0,04967339; 
1237; 0,04967339; 
1238; 0,04967339; 
1239; 0,04967339; 
1240; 0,04967339; 
1241; 0,04967339; 
1242; 0,04967339; 
1243; 0,04967339; 
1244; 0,04967339; 
1245; 0,04967339; 
1246; 0,04967339; 
1247; 0,04967339; 
1248; 0,04967339; 
1249; 0,04967339; 
1250; 0,04967339; 
1251; 0,04967339; 
1252; 0,04967339; 
1253; 0,04967339; 
1254; 0,04967339; 
1255; 0,04967339; 
1256; 0,04967339; 
1257; 0,04967339; 
1258; 0,04967339; 
1259; 0,04967339; 
1260; 0,04967339; 
1261; 0,04967339; 
1262; 0,04967339; 
1263; 0,04967339; 
1264; 0,04967339; 
1265; 0,04967339; 
1266; 0,04967339; 
1267; 0,04967339; 
1268; 0,04967339; 
1269; 0,04967339; 
1270; 0,04967339; 
1271; 0,04951437; 
1272; 0,04947708; 
1273; 0,04741346; 
1274; 0,04741346; 
1275; 0,04741346; 
1276; 0,04946652; 
1277; 0,04946652; 
1278; 0,04946652; 
1279; 0,04946652; 
1280; 0,04946652; 
1281; 0,04946652; 
1282; 0,04922802; 
1283; 0,04946652; 
1284; 0,04946652; 
1285; 0,04946652; 
1286; 0,04946652; 
1287; 0,04946652; 
1288; 0,04946652; 
1289; 0,04946652; 
1290; 0,04946652; 
1291; 0,04946652; 
1292; 0,04946652; 
1293; 0,04946652; 
1294; 0,04946652; 
1295; 0,04946652; 
1296; 0,04946652; 
1297; 0,04946652; 
1298; 0,04946652; 
1299; 0,04466973; 
1300; 0,04946652; 
1301; 0,04946652; 
1302; 0,04946652; 
1303; 0,04946652; 
1304; 0,04946652; 
1305; 0,04946652; 
1306; 0,04946652; 
1307; 0,04946652; 
1308; 0,04946652; 
1309; 0,04946652; 
1310; 0,04946652; 
1311; 0,04946652; 
1312; 0,04946652; 
1313; 0,04946652; 
1314; 0,04946652; 
1315; 0,04946652; 
1316; 0,04946652; 
1317; 0,04946652; 
1318; 0,04946652; 
1319; 0,04946652; 
1320; 0,04946652; 
1321; 0,04946652; 
1322; 0,04946652; 
1323; 0,04946652; 
1324; 0,04946652; 
1325; 0,04946652; 
1326; 0,04946652; 
1327; 0,04946652; 
1328; 0,04946652; 
1329; 0,04946652; 
1330; 0,04946652; 
1331; 0,00331533; 
1332; 0,04946652; 
1333; 0,04946652; 
1334; 0,04946652; 
1335; 0,04946652; 
1336; 0,04946652; 
1337; 0,04946652; 
1338; 0,04946652; 
1339; 0,04946652; 
1340; 0,04946652; 
1341; 0,04946652; 
1342; 0,04946652; 
1343; 0,04946652; 
1344; 0,04946652; 
1345; 0,04946652; 
1346; 0,04946652; 
1347; 0,04925585; 
1348; 0,04925376; 
1349; 0,04922795; 
1350; 0,04922795; 
1351; 0,04922795; 
1352; 0,04922795; 
1353; 0,04922795; 
1354; 0,04922795; 
1355; 0,04922795; 
1356; 0,04922795; 
1357; 0,04922795; 
1358; 0,04922795; 
1359; 0,04922795; 
1360; 0,04922795; 
1361; 0,04922795; 
1362; 0,04922795; 
1363; 0,04922795; 
1364; 0,04922795; 
1365; 0,04922795; 
1366; 0,04922795; 
1367; 0,04922795; 
1368; 0,04922795; 
1369; 0,04922795; 
1370; 0,04922795; 
1371; 0,04922795; 
1372; 0,04922795; 
1373; 0,04922795; 
1374; 0,04922795; 
1375; 0,04922795; 
1376; 0,04922795; 
1377; 0,04922795; 
1378; 0,04922795; 
1379; 0,04922795; 
1380; 0,04922795; 
1381; 0,04922795; 
1382; 0,04922795; 
1383; 0,04922795; 
1384; 0,04922795; 
1385; 0,04922795; 
1386; 0,04922795; 
1387; 0,04922795; 
1388; 0,04922795; 
1389; 0,04922795; 
1390; 0,04922795; 
1391; 0,04922795; 
1392; 0,04922795; 
1393; 0,04922795; 
1394; 0,04922795; 
1395; 0,04922795; 
1396; 0,04922795; 
1397; 0,04922795; 
1398; 0,04922795; 
1399; 0,04922795; 
1400; 0,04922795; 
1401; 0,04922795; 
1402; 0,04922795; 
1403; 0,04922795; 
1404; 0,04922795; 
1405; 0,04922795; 
1406; 0,04922795; 
1407; 0,04922795; 
1408; 0,04922795; 
1409; 0,04922795; 
1410; 0,04922795; 
1411; 0,04922795; 
1412; 0,04922795; 
1413; 0,04922795; 
1414; 0,04922795; 
1415; 0,04922795; 
1416; 0,03901438; 
1417; 0,04922795; 
1418; 0,04922795; 
1419; 0,04922795; 
1420; 0,04922795; 
1421; 0,04922795; 
1422; 0,04922795; 
1423; 0,04922795; 
1424; 0,04922795; 
1425; 0,04922795; 
1426; 0,04922795; 
1427; 0,04922795; 
1428; 0,04922795; 
1429; 0,04922795; 
1430; 0,04922795; 
1431; 0,04922795; 
1432; 0,04922795; 
1433; 0,04922795; 
1434; 0,04922795; 
1435; 0,04922795; 
1436; 0,04922795; 
1437; 0,04922795; 
1438; 0,04922795; 
1439; 0,04922795; 
1440; 0,04922795; 
1441; 0,04922795; 
1442; 0,04922795; 
1443; 0,04922795; 
1444; 0,04922795; 
1445; 0,04922795; 
1446; 0,04922795; 
1447; 0,04922795; 
1448; 0,04922795; 
1449; 0,04922795; 
1450; 0,04922795; 
1451; 0,04922795; 
1452; 0,04922795; 
1453; 0,04922795; 
1454; 0,04922795; 
1455; 0,04922795; 
1456; 0,04922795; 
1457; 0,04922795; 
1458; 0,04922795; 
1459; 0,04922795; 
1460; 0,04922795; 
1461; 0,04922795; 
1462; 0,04922795; 
1463; 0,04922795; 
1464; 0,04922795; 
1465; 0,04922795; 
1466; 0,04922795; 
1467; 0,04922795; 
1468; 0,04922795; 
1469; 0,04922795; 
1470; 0,04922795; 
1471; 0,04922795; 
1472; 0,04922795; 
1473; 0,04922795; 
1474; 0,04922795; 
1475; 0,04922795; 
1476; 0,04922795; 
1477; 0,04922795; 
1478; 0,04922795; 
1479; 0,04922795; 
1480; 0,04922795; 
1481; 0,04922795; 
1482; 0,04922795; 
1483; 0,04922795; 
1484; 0,04922795; 
1485; 0,04922795; 
1486; 0,04922795; 
1487; 0,04922795; 
1488; 0,04922795; 
1489; 0,04922795; 
1490; 0,04922795; 
1491; 0,04922795; 
1492; 0,04922795; 
1493; 0,04922795; 
1494; 0,04922795; 
1495; 0,04922795; 
1496; 0,04922795; 
1497; 0,04922795; 
1498; 0,04922795; 
1499; 0,04922795; 
1500; 0,04922795; 
1501; 0,04922795; 
1502; 0,04922795; 
1503; 0,04922795; 
1504; 0,04922795; 
1505; 0,04922795; 
1506; 0,04922795; 
1507; 0,04922795; 
1508; 0,04922795; 
1509; 0,04922795; 
1510; 0,04922795; 
1511; 0,04922795; 
1512; 0,04922795; 
1513; 0,04922795; 
1514; 0,04922795; 
1515; 0,04922795; 
1516; 0,04922795; 
1517; 0,04922795; 
1518; 0,04922795; 
1519; 0,04922795; 
1520; 0,04922795; 
1521; 0,04922795; 
1522; 0,04922795; 
1523; 0,04922795; 
1524; 0,04922795; 
1525; 0,04922795; 
1526; 0,04922795; 
1527; 0,04922795; 
1528; 0,04922795; 
1529; 0,04922795; 
1530; 0,04922795; 
1531; 0,04922795; 
1532; 0,04922795; 
1533; 0,04922795; 
1534; 0,04922795; 
1535; 0,04922795; 
1536; 0,04922795; 
1537; 0,04922795; 
1538; 0,04922795; 
1539; 0,04922795; 
1540; 0,04922795; 
1541; 0,04922795; 
1542; 0,04922795; 
1543; 0,04922795; 
1544; 0,04922795; 
1545; 0,04922795; 
1546; 0,04922795; 
1547; 0,04922795; 
1548; 0,04922795; 
1549; 0,04922795; 
1550; 0,04922795; 
1551; 0,04922795; 
1552; 0,04922795; 
1553; 0,04922795; 
1554; 0,04922795; 
1555; 0,04922795; 
1556; 0,04922795; 
1557; 0,04922795; 
1558; 0,04922795; 
1559; 0,04922795; 
1560; 0,04922795; 
1561; 0,04922795; 
1562; 0,04922795; 
1563; 0,04922795; 
1564; 0,04922795; 
1565; 0,04922795; 
1566; 0,04922795; 
1567; 0,04922795; 
1568; 0,04922795; 
1569; 0,04922795; 
1570; 0,04922795; 
1571; 0,04922795; 
1572; 0,04922795; 
1573; 0,04922795; 
1574; 0,04922795; 
1575; 0,04922795; 
1576; 0,04922795; 
1577; 0,04922795; 
1578; 0,04922795; 
1579; 0,04922795; 
1580; 0,04922795; 
1581; 0,04922795; 
1582; 0,04922795; 
1583; 0,04922795; 
1584; 0,04922795; 
1585; 0,04922795; 
1586; 0,04922795; 
1587; 0,04922795; 
1588; 0,04922795; 
1589; 0,04922795; 
1590; 0,04922795; 
1591; 0,04922795; 
1592; 0,04922795; 
1593; 0,04922795; 
1594; 0,04922795; 
1595; 0,04922795; 
1596; 0,04922795; 
1597; 0,04922795; 
1598; 0,04922795; 
1599; 0,04922795; 
1600; 0,04922795; 
1601; 0,04922795; 
1602; 0,04922795; 
1603; 0,04922795; 
1604; 0,04922795; 
1605; 0,04922795; 
1606; 0,04922795; 
1607; 0,04922795; 
1608; 0,04922795; 
1609; 0,04922795; 
1610; 0,04922795; 
1611; 0,04922795; 
1612; 0,04922795; 
1613; 0,04922795; 
1614; 0,04922795; 
1615; 0,04922795; 
1616; 0,04922795; 
1617; 0,04922795; 
1618; 0,04922795; 
1619; 0,04922795; 
1620; 0,04922795; 
1621; 0,04922795; 
1622; 0,04922795; 
1623; 0,04922795; 
1624; 0,04922795; 
1625; 0,04922795; 
1626; 0,04922795; 
1627; 0,04922795; 
1628; 0,04922795; 
1629; 0,04922795; 
1630; 0,04922795; 
1631; 0,04922795; 
1632; 0,04922795; 
1633; 0,04922795; 
1634; 0,04922795; 
1635; 0,04922795; 
1636; 0,04922795; 
1637; 0,04922795; 
1638; 0,04922795; 
1639; 0,04922795; 
1640; 0,04922795; 
1641; 0,04922795; 
1642; 0,04922795; 
1643; 0,04922795; 
1644; 0,04922795; 
1645; 0,04922795; 
1646; 0,04922795; 
1647; 0,04922795; 
1648; 0,04922795; 
1649; 0,04922795; 
1650; 0,04922795; 
1651; 0,04922795; 
1652; 0,04922795; 
1653; 0,04922795; 
1654; 0,04922795; 
1655; 0,04922795; 
1656; 0,04922795; 
1657; 0,04922795; 
1658; 0,04922795; 
1659; 0,04922795; 
1660; 0,04922795; 
1661; 0,04922795; 
1662; 0,04922795; 
1663; 0,04922795; 
1664; 0,04922795; 
1665; 0,04922795; 
1666; 0,04922795; 
1667; 0,04922795; 
1668; 0,04922795; 
1669; 0,04922795; 
1670; 0,04922795; 
1671; 0,04922795; 
1672; 0,04922795; 
1673; 0,04922795; 
1674; 0,04922795; 
1675; 0,04922795; 
1676; 0,04922795; 
1677; 0,04922795; 
1678; 0,04922795; 
1679; 0,04922795; 
1680; 0,04922795; 
1681; 0,04922795; 
1682; 0,04922795; 
1683; 0,04922795; 
1684; 0,04922795; 
1685; 0,04922795; 
1686; 0,04922795; 
1687; 0,04922795; 
1688; 0,04922795; 
1689; 0,04922795; 
1690; 0,04922795; 
1691; 0,04922795; 
1692; 0,04922795; 
1693; 0,04922795; 
1694; 0,04922795; 
1695; 0,04922795; 
1696; 0,04922795; 
1697; 0,04922795; 
1698; 0,04922795; 
1699; 0,04922795; 
1700; 0,04922795; 
1701; 0,04922795; 
1702; 0,04922795; 
1703; 0,04922795; 
1704; 0,04922795; 
1705; 0,04922795; 
1706; 0,04922795; 
1707; 0,04922795; 
1708; 0,04922795; 
1709; 0,04922795; 
1710; 0,04922795; 
1711; 0,04922795; 
1712; 0,04922795; 
1713; 0,04922795; 
1714; 0,04922795; 
1715; 0,04922795; 
1716; 0,04922795; 
1717; 0,04922795; 
1718; 0,04922795; 
1719; 0,04922795; 
1720; 0,04922795; 
1721; 0,04922795; 
1722; 0,04922795; 
1723; 0,04922795; 
1724; 0,04922795; 
1725; 0,04922795; 
1726; 0,04922795; 
1727; 0,04922795; 
1728; 0,04922795; 
1729; 0,04922795; 
1730; 0,04922795; 
1731; 0,04922795; 
1732; 0,04922795; 
1733; 0,04922795; 
1734; 0,04922795; 
1735; 0,04922795; 
1736; 0,04922795; 
1737; 0,04922795; 
1738; 0,04922795; 
1739; 0,04922795; 
1740; 0,04922795; 
1741; 0,04922795; 
1742; 0,04922795; 
1743; 0,04922795; 
1744; 0,04922795; 
1745; 0,04922795; 
1746; 0,04922795; 
1747; 0,04922795; 
1748; 0,04922795; 
1749; 0,04922795; 
1750; 0,04922795; 
1751; 0,04922795; 
1752; 0,04922795; 
1753; 0,04922795; 
1754; 0,04922795; 
1755; 0,04922795; 
1756; 0,04922795; 
1757; 0,04922795; 
1758; 0,04922795; 
1759; 0,04922795; 
1760; 0,04922795; 
1761; 0,04922795; 
1762; 0,04922795; 
1763; 0,04922795; 
1764; 0,04922795; 
1765; 0,04922795; 
1766; 0,04922795; 
1767; 0,04922795; 
1768; 0,04922795; 
1769; 0,04922795; 
1770; 0,04922795; 
1771; 0,04922795; 
1772; 0,04922795; 
1773; 0,04922795; 
1774; 0,04922795; 
1775; 0,04922795; 
1776; 0,04922795; 
1777; 0,04922795; 
1778; 0,04922795; 
1779; 0,04922795; 
1780; 0,04922795; 
1781; 0,04922795; 
1782; 0,04922795; 
1783; 0,04922795; 
1784; 0,04922795; 
1785; 0,04922795; 
1786; 0,04922795; 
1787; 0,04922795; 
1788; 0,04922795; 
1789; 0,04922795; 
1790; 0,04922795; 
1791; 0,04922795; 
1792; 0,04750477; 
1793; 0,04750477; 
1794; 0,04922795; 
1795; 0,04922795; 
1796; 0,04922795; 
1797; 0,04922795; 
1798; 0,04922795; 
1799; 0,04922795; 
1800; 0,04922795; 
1801; 0,04922795; 
1802; 0,04922795; 
1803; 0,04922795; 
1804; 0,04922795; 
1805; 0,04922795; 
1806; 0,04922795; 
1807; 0,04922795; 
1808; 0,04922795; 
1809; 0,04922795; 
1810; 0,04922795; 
1811; 0,04922795; 
1812; 0,04922795; 
1813; 0,04922795; 
1814; 0,04922795; 
1815; 0,04922795; 
1816; 0,04922795; 
1817; 0,04922795; 
1818; 0,04922795; 
1819; 0,04922795; 
1820; 0,04922795; 
1821; 0,04922795; 
1822; 0,04922795; 
1823; 0,04922795; 
1824; 0,04922795; 
1825; 0,04922795; 
1826; 0,04922795; 
1827; 0,04922795; 
1828; 0,04922795; 
1829; 0,04922795; 
1830; 0,04922795; 
1831; 0,04922795; 
1832; 0,04922795; 
1833; 0,04922795; 
1834; 0,04922795; 
1835; 0,04922795; 
1836; 0,04922795; 
1837; 0,04922795; 
1838; 0,04922795; 
1839; 0,04922795; 
1840; 0,04922795; 
1841; 0,04922795; 
1842; 0,04922795; 
1843; 0,04922795; 
1844; 0,04922795; 
1845; 0,04922563; 
1846; 0,04922517; 
1847; 0,04922517; 
1848; 0,04922517; 
1849; 0,04922517; 
1850; 0,04922517; 
1851; 0,04922517; 
1852; 0,04922517; 
1853; 0,04922517; 
1854; 0,04922517; 
1855; 0,04922517; 
1856; 0,04922517; 
1857; 0,04922517; 
1858; 0,04922517; 
1859; 0,04922517; 
1860; 0,04922517; 
1861; 0,04922517; 
1862; 0,04922517; 
1863; 0,04922517; 
1864; 0,04922517; 
1865; 0,04922517; 
1866; 0,04922517; 
1867; 0,04922517; 
1868; 0,04922517; 
1869; 0,04922517; 
1870; 0,04922517; 
1871; 0,04922517; 
1872; 0,04922517; 
1873; 0,04922517; 
1874; 0,04922517; 
1875; 0,04922517; 
1876; 0,04922517; 
1877; 0,04922517; 
1878; 0,04922517; 
1879; 0,04922517; 
1880; 0,04922517; 
1881; 0,04922517; 
1882; 0,04922517; 
1883; 0,04922517; 
1884; 0,04922517; 
1885; 0,04922517; 
1886; 0,04922517; 
1887; 0,04922517; 
1888; 0,04922517; 
1889; 0,04922517; 
1890; 0,04922517; 
1891; 0,04922517; 
1892; 0,04922517; 
1893; 0,04922517; 
1894; 0,04922517; 
1895; 0,04922517; 
1896; 0,04922517; 
1897; 0,04922517; 
1898; 0,04922517; 
1899; 0,04922517; 
1900; 0,04922517; 
1901; 0,04922517; 
1902; 0,04922517; 
1903; 0,04922517; 
1904; 0,04922517; 
1905; 0,04922517; 
1906; 0,04922517; 
1907; 0,04922517; 
1908; 0,04922517; 
1909; 0,04922517; 
1910; 0,04922517; 
1911; 0,04922517; 
1912; 0,04922517; 
1913; 0,04922517; 
1914; 0,04922517; 
1915; 0,04922517; 
1916; 0,04922517; 
1917; 0,04922517; 
1918; 0,04922517; 
1919; 0,04922517; 
1920; 0,04922517; 
1921; 0,04922517; 
1922; 0,04922517; 
1923; 0,04922517; 
1924; 0,04922517; 
1925; 0,04922517; 
1926; 0,04922517; 
1927; 0,04922517; 
1928; 0,04922517; 
1929; 0,04922517; 
1930; 0,04922517; 
1931; 0,04922517; 
1932; 0,04922517; 
1933; 0,04922517; 
1934; 0,04922517; 
1935; 0,04922517; 
1936; 0,04922517; 
1937; 0,04922517; 
1938; 0,04922517; 
1939; 0,04922517; 
1940; 0,04922517; 
1941; 0,04922517; 
1942; 0,04922517; 
1943; 0,04922517; 
1944; 0,04922517; 
1945; 0,04922517; 
1946; 0,04922517; 
1947; 0,04922517; 
1948; 0,04922517; 
1949; 0,04922517; 
1950; 0,04922517; 
1951; 0,04922517; 
1952; 0,04922517; 
1953; 0,04922517; 
1954; 0,04922517; 
1955; 0,04922517; 
1956; 0,04922517; 
1957; 0,04922517; 
1958; 0,04922517; 
1959; 0,04922517; 
1960; 0,04922517; 
1961; 0,04922517; 
1962; 0,04922517; 
1963; 0,04922517; 
1964; 0,04922517; 
1965; 0,04922517; 
1966; 0,04922517; 
1967; 0,04922517; 
1968; 0,04922517; 
1969; 0,04922517; 
1970; 0,04922517; 
1971; 0,04922517; 
1972; 0,04922517; 
1973; 0,04922517; 
1974; 0,04922517; 
1975; 0,04922517; 
1976; 0,04922517; 
1977; 0,04922517; 
1978; 0,04922517; 
1979; 0,04922517; 
1980; 0,04922517; 
1981; 0,04922517; 
1982; 0,04922517; 
1983; 0,04922517; 
1984; 0,04922517; 
1985; 0,04922517; 
1986; 0,04922517; 
1987; 0,04922517; 
1988; 0,04922517; 
1989; 0,04922517; 
1990; 0,04922517; 
1991; 0,04922517; 
1992; 0,04922517; 
1993; 0,04922517; 
1994; 0,04922517; 
1995; 0,04922517; 
1996; 0,04922517; 
1997; 0,04922517; 
1998; 0,04922517; 
1999; 0,04922517; 
2000; 0,04922517; 
2001; 0,04922517; 
2002; 0,04922517; 
2003; 0,04922517; 
2004; 0,04922517; 
2005; 0,04922517; 
2006; 0,04922517; 
2007; 0,04922517; 
2008; 0,04922517; 
2009; 0,04922517; 
2010; 0,04922517; 
2011; 0,04922517; 
2012; 0,04922517; 
2013; 0,04922517; 
2014; 0,04922517; 
2015; 0,04922517; 
2016; 0,04922517; 
2017; 0,04922517; 
2018; 0,04922517; 
2019; 0,04922517; 
2020; 0,04922517; 
2021; 0,04922517; 
2022; 0,04922517; 
2023; 0,04922517; 
2024; 0,04922517; 
2025; 0,04922517; 
2026; 0,04922517; 
2027; 0,04922517; 
2028; 0,04557154; 
2029; 0,04922517; 
2030; 0,04922517; 
2031; 0,04922517; 
2032; 0,04922517; 
2033; 0,04922517; 
2034; 0,04922517; 
2035; 0,04922517; 
2036; 0,04922517; 
2037; 0,04922517; 
2038; 0,04922517; 
2039; 0,04922517; 
2040; 0,04922517; 
2041; 0,04922517; 
2042; 0,04922517; 
2043; 0,04922517; 
2044; 0,04922517; 
2045; 0,04922517; 
2046; 0,04922517; 
2047; 0,04922517; 
2048; 0,04922517; 
2049; 0,04922517; 
2050; 0,04922517; 
2051; 0,04922517; 
2052; 0,04922517; 
2053; 0,04922517; 
2054; 0,04922517; 
2055; 0,04922517; 
2056; 0,04922517; 
2057; 0,04922517; 
2058; 0,04922517; 
2059; 0,04922517; 
2060; 0,04922517; 
2061; 0,04922517; 
2062; 0,04922517; 
2063; 0,04922517; 
2064; 0,04922517; 
2065; 0,04922517; 
2066; 0,04922517; 
2067; 0,04922517; 
2068; 0,04922517; 
2069; 0,04922517; 
2070; 0,04922517; 
2071; 0,04922517; 
2072; 0,04922517; 
2073; 0,04922517; 
2074; 0,04922517; 
2075; 0,04922517; 
2076; 0,04922517; 
2077; 0,04922517; 
2078; 0,04922517; 
2079; 0,04922517; 
2080; 0,04922517; 
2081; 0,04922517; 
2082; 0,04922517; 
2083; 0,04922517; 
2084; 0,04922517; 
2085; 0,04922517; 
2086; 0,04922517; 
2087; 0,04922517; 
2088; 0,04922517; 
2089; 0,04922517; 
2090; 0,04922517; 
2091; 0,04922517; 
2092; 0,04922517; 
2093; 0,04922517; 
2094; 0,04922517; 
2095; 0,04922517; 
2096; 0,04922517; 
2097; 0,04922517; 
2098; 0,04922517; 
2099; 0,04922517; 
2100; 0,04922517; 
2101; 0,04922517; 
2102; 0,04922517; 
2103; 0,04922517; 
2104; 0,04922517; 
2105; 0,04922517; 
2106; 0,04922517; 
2107; 0,04922517; 
2108; 0,04922517; 
2109; 0,04922517; 
2110; 0,04922517; 
2111; 0,04922517; 
2112; 0,04922517; 
2113; 0,04922517; 
2114; 0,04922517; 
2115; 0,04922517; 
2116; 0,04922517; 
2117; 0,04922517; 
2118; 0,04922517; 
2119; 0,04922517; 
2120; 0,04922517; 
2121; 0,04922517; 
2122; 0,04922517; 
2123; 0,04922517; 
2124; 0,04922517; 
2125; 0,04922517; 
2126; 0,04922517; 
2127; 0,04922517; 
2128; 0,04922517; 
2129; 0,04922517; 
2130; 0,04922517; 
2131; 0,04922517; 
2132; 0,04922517; 
2133; 0,04922517; 
2134; 0,04922517; 
2135; 0,04922517; 
2136; 0,04922517; 
2137; 0,04922517; 
2138; 0,04922517; 
2139; 0,04922517; 
2140; 0,04922517; 
2141; 0,04922517; 
2142; 0,04922517; 
2143; 0,04922517; 
2144; 0,04922517; 
2145; 0,04922517; 
2146; 0,04922517; 
2147; 0,04922517; 
2148; 0,04922517; 
2149; 0,04922517; 
2150; 0,04922517; 
2151; 0,04922517; 
2152; 0,04922517; 
2153; 0,04922517; 
2154; 0,04922517; 
2155; 0,04922517; 
2156; 0,04922517; 
2157; 0,04922517; 
2158; 0,04922517; 
2159; 0,04922517; 
2160; 0,04922517; 
2161; 0,04922517; 
2162; 0,04922517; 
2163; 0,04922517; 
2164; 0,04922517; 
2165; 0,04922517; 
2166; 0,04922517; 
2167; 0,04922517; 
2168; 0,04922517; 
2169; 0,04922517; 
2170; 0,04922517; 
2171; 0,04922517; 
2172; 0,04922517; 
2173; 0,04922517; 
2174; 0,04922517; 
2175; 0,04922517; 
2176; 0,04922517; 
2177; 0,04922517; 
2178; 0,04922517; 
2179; 0,04922517; 
2180; 0,04922517; 
2181; 0,04922517; 
2182; 0,04922517; 
2183; 0,04922517; 
2184; 0,04922517; 
2185; 0,04922517; 
2186; 0,04922517; 
2187; 0,04922517; 
2188; 0,04922517; 
2189; 0,04922517; 
2190; 0,04922517; 
2191; 0,04922517; 
2192; 0,04922517; 
2193; 0,03201756; 
2194; 0,04922517; 
2195; 0,04922517; 
2196; 0,04922517; 
2197; 0,04922517; 
2198; 0,04922517; 
2199; 0,04922517; 
2200; 0,04922517; 
2201; 0,04922517; 
2202; 0,04922517; 
2203; 0,04922517; 
2204; 0,04922517; 
2205; 0,04922517; 
2206; 0,04922517; 
2207; 0,04922517; 
2208; 0,04922517; 
2209; 0,04922517; 
2210; 0,04922517; 
2211; 0,04922517; 
2212; 0,04922517; 
2213; 0,04922517; 
2214; 0,04922517; 
2215; 0,04922517; 
2216; 0,04922517; 
2217; 0,04922517; 
2218; 0,04922517; 
2219; 0,04922517; 
2220; 0,04922517; 
2221; 0,04922517; 
2222; 0,04922517; 
2223; 0,04922517; 
2224; 0,04922517; 
2225; 0,04922517; 
2226; 0,04922517; 
2227; 0,04922517; 
2228; 0,04922517; 
2229; 0,04922517; 
2230; 0,04922517; 
2231; 0,04922517; 
2232; 0,04922517; 
2233; 0,04922517; 
2234; 0,04922517; 
2235; 0,04922517; 
2236; 0,04922517; 
2237; 0,04922517; 
2238; 0,04922517; 
2239; 0,04922517; 
2240; 0,04922517; 
2241; 0,04922517; 
2242; 0,04922517; 
2243; 0,04922517; 
2244; 0,04922517; 
2245; 0,04922517; 
2246; 0,04922517; 
2247; 0,04922517; 
2248; 0,04922517; 
2249; 0,04922517; 
2250; 0,04922517; 
2251; 0,04922517; 
2252; 0,04922517; 
2253; 0,04922517; 
2254; 0,04922517; 
2255; 0,04922517; 
2256; 0,04922517; 
2257; 0,04922517; 
2258; 0,04922517; 
2259; 0,04922517; 
2260; 0,04922517; 
2261; 0,04922517; 
2262; 0,04922517; 
2263; 0,04922517; 
2264; 0,04922517; 
2265; 0,04922517; 
2266; 0,04922517; 
2267; 0,04922517; 
2268; 0,04922517; 
2269; 0,04922517; 
2270; 0,04922517; 
2271; 0,04922517; 
2272; 0,04922517; 
2273; 0,04922517; 
2274; 0,04922517; 
2275; 0,04922517; 
2276; 0,04922517; 
2277; 0,04922517; 
2278; 0,04922517; 
2279; 0,04922517; 
2280; 0,04922517; 
2281; 0,04922517; 
2282; 0,04922517; 
2283; 0,04922517; 
2284; 0,04922517; 
2285; 0,04922517; 
2286; 0,04922517; 
2287; 0,04922517; 
2288; 0,04922517; 
2289; 0,04922517; 
2290; 0,04922517; 
2291; 0,04922517; 
2292; 0,04922517; 
2293; 0,04922517; 
2294; 0,04922517; 
2295; 0,04922517; 
2296; 0,04922517; 
2297; 0,04922517; 
2298; 0,04922517; 
2299; 0,04922517; 
2300; 0,04922517; 
2301; 0,04922517; 
2302; 0,04922517; 
2303; 0,04922517; 
2304; 0,04922517; 
2305; 0,04922517; 
2306; 0,04922517; 
2307; 0,04922517; 
2308; 0,04922517; 
2309; 0,04922517; 
2310; 0,04922517; 
2311; 0,04922517; 
2312; 0,04922517; 
2313; 0,04922517; 
2314; 0,04922517; 
2315; 0,04922517; 
2316; 0,04922517; 
2317; 0,04922517; 
2318; 0,04922517; 
2319; 0,04922517; 
2320; 0,04922517; 
2321; 0,04922517; 
2322; 0,04922517; 
2323; 0,04922517; 
2324; 0,04922517; 
2325; 0,04922517; 
2326; 0,04922517; 
2327; 0,04922517; 
2328; 0,04922517; 
2329; 0,04922517; 
2330; 0,04922517; 
2331; 0,04922517; 
2332; 0,04922517; 
2333; 0,04922517; 
2334; 0,04922517; 
2335; 0,04922517; 
2336; 0,04922517; 
2337; 0,04922517; 
2338; 0,04922517; 
2339; 0,04922517; 
2340; 0,04922517; 
2341; 0,04922517; 
2342; 0,04922517; 
2343; 0,04922517; 
2344; 0,04922517; 
2345; 0,04922517; 
2346; 0,04922517; 
2347; 0,04922517; 
2348; 0,04922517; 
2349; 0,04922517; 
2350; 0,04922517; 
2351; 0,04922517; 
2352; 0,04922517; 
2353; 0,04922517; 
2354; 0,04922517; 
2355; 0,04922517; 
2356; 0,04922517; 
2357; 0,04922517; 
2358; 0,04922517; 
2359; 0,04922517; 
2360; 0,04922517; 
2361; 0,04922517; 
2362; 0,04922517; 
2363; 0,04922517; 
2364; 0,04922517; 
2365; 0,04922517; 
2366; 0,04922517; 
2367; 0,04922517; 
2368; 0,04922517; 
2369; 0,04922517; 
2370; 0,04922517; 
2371; 0,04922517; 
2372; 0,04922517; 
2373; 0,04922517; 
2374; 0,04922517; 
2375; 0,04922517; 
2376; 0,04922517; 
2377; 0,04922517; 
2378; 0,04922517; 
2379; 0,04922517; 
2380; 0,04922517; 
2381; 0,04922517; 
2382; 0,04922517; 
2383; 0,04922517; 
2384; 0,04922517; 
2385; 0,04922517; 
2386; 0,04922517; 
2387; 0,04922517; 
2388; 0,04922517; 
2389; 0,04922517; 
2390; 0,04922517; 
2391; 0,04922517; 
2392; 0,04922517; 
2393; 0,04922517; 
2394; 0,04922517; 
2395; 0,04922517; 
2396; 0,04922517; 
2397; 0,04922517; 
2398; 0,04922517; 
2399; 0,04922517; 
2400; 0,04922517; 
2401; 0,04922517; 
2402; 0,04922517; 
2403; 0,04922517; 
2404; 0,04922517; 
2405; 0,04922517; 
2406; 0,04922517; 
2407; 0,04922517; 
2408; 0,04922517; 
2409; 0,04922517; 
2410; 0,04922517; 
2411; 0,04922517; 
2412; 0,04922517; 
2413; 0,04922517; 
2414; 0,04922517; 
2415; 0,04922517; 
2416; 0,04922517; 
2417; 0,04922517; 
2418; 0,04922517; 
2419; 0,04922517; 
2420; 0,04922517; 
2421; 0,04922517; 
2422; 0,04922517; 
2423; 0,04922517; 
2424; 0,04922517; 
2425; 0,04922517; 
2426; 0,04922517; 
2427; 0,04922517; 
2428; 0,04922517; 
2429; 0,04922517; 
2430; 0,04922517; 
2431; 0,04922517; 
2432; 0,04922517; 
2433; 0,04922517; 
2434; 0,04922517; 
2435; 0,04922517; 
2436; 0,04922517; 
2437; 0,04922517; 
2438; 0,04922517; 
2439; 0,04922517; 
2440; 0,04922517; 
2441; 0,04922517; 
2442; 0,04922517; 
2443; 0,04922517; 
2444; 0,04922517; 
2445; 0,04922517; 
2446; 0,04922517; 
2447; 0,04922517; 
2448; 0,04922517; 
2449; 0,04922517; 
2450; 0,04922517; 
2451; 0,04922517; 
2452; 0,04922517; 
2453; 0,04922517; 
2454; 0,04922517; 
2455; 0,04922517; 
2456; 0,04922517; 
2457; 0,04922517; 
2458; 0,04922517; 
2459; 0,04922517; 
2460; 0,04922517; 
2461; 0,04922517; 
2462; 0,04922517; 
2463; 0,04922517; 
2464; 0,04922517; 
2465; 0,04922517; 
2466; 0,04922517; 
2467; 0,04922517; 
2468; 0,04922517; 
2469; 0,04922517; 
2470; 0,04922517; 
2471; 0,04922517; 
2472; 0,04922517; 
2473; 0,04922517; 
2474; 0,04922517; 
2475; 0,04922517; 
2476; 0,04922517; 
2477; 0,04922517; 
2478; 0,04922517; 
2479; 0,04922517; 
2480; 0,04922517; 
2481; 0,04922517; 
2482; 0,04922517; 
2483; 0,04922517; 
2484; 0,04922517; 
2485; 0,04922517; 
2486; 0,04922517; 
2487; 0,04922517; 
2488; 0,04922517; 
2489; 0,04922517; 
2490; 0,04922517; 
2491; 0,04922517; 
2492; 0,04922517; 
2493; 0,04922517; 
2494; 0,04922517; 
2495; 0,04922517; 
2496; 0,04922517; 
2497; 0,04922517; 
2498; 0,04922517; 
2499; 0,04922517; 
2500; 0,04922517; 
2501; 0,04922517; 
2502; 0,04922517; 
2503; 0,04922517; 
2504; 0,04922517; 
2505; 0,04922517; 
2506; 0,04922517; 
2507; 0,04922517; 
2508; 0,04922517; 
2509; 0,04922517; 
2510; 0,04922517; 
2511; 0,04922517; 
2512; 0,04922517; 
2513; 0,04922517; 
2514; 0,04922517; 
2515; 0,04922517; 
2516; 0,04922517; 
2517; 0,04922517; 
2518; 0,04922517; 
2519; 0,04922517; 
2520; 0,04922517; 
2521; 0,04922517; 
2522; 0,04922517; 
2523; 0,04922517; 
2524; 0,04922517; 
2525; 0,04922517; 
2526; 0,04922517; 
2527; 0,04922517; 
2528; 0,04922517; 
2529; 0,04922517; 
2530; 0,04922517; 
2531; 0,04922517; 
2532; 0,04922517; 
2533; 0,04922517; 
2534; 0,04922517; 
2535; 0,04922517; 
2536; 0,04922517; 
2537; 0,04922517; 
2538; 0,04922517; 
2539; 0,04922517; 
2540; 0,04922517; 
2541; 0,04922517; 
2542; 0,04922517; 
2543; 0,04922517; 
2544; 0,04922517; 
2545; 0,04922517; 
2546; 0,04922517; 
2547; 0,04922517; 
2548; 0,04922517; 
2549; 0,04922517; 
2550; 0,04922517; 
2551; 0,04922517; 
2552; 0,00256373; 
2553; 0,00487209; 
2554; 0,04922517; 
2555; 0,04922517; 
2556; 0,04922517; 
2557; 0,04922517; 
2558; 0,04922517; 
2559; 0,04922517; 
2560; 0,04922517; 
2561; 0,04922517; 
2562; 0,04922517; 
2563; 0,04922517; 
2564; 0,04922517; 
2565; 0,04922517; 
2566; 0,04922517; 
2567; 0,04922517; 
2568; 0,04922517; 
2569; 0,04922517; 
2570; 0,04922517; 
2571; 0,04922517; 
2572; 0,04922517; 
2573; 0,04922517; 
2574; 0,04922517; 
2575; 0,04922517; 
2576; 0,04922517; 
2577; 0,04922517; 
2578; 0,04922517; 
2579; 0,04922517; 
2580; 0,04922517; 
2581; 0,04922517; 
2582; 0,04922517; 
2583; 0,04922517; 
2584; 0,04922517; 
2585; 0,04922517; 
2586; 0,04922517; 
2587; 0,04922517; 
2588; 0,04922517; 
2589; 0,04922517; 
2590; 0,04922517; 
2591; 0,04922517; 
2592; 0,04922517; 
2593; 0,04922517; 
2594; 0,04922517; 
2595; 0,04922517; 
2596; 0,04922517; 
2597; 0,04922517; 
2598; 0,04922517; 
2599; 0,04922517; 
2600; 0,04922517; 
2601; 0,04922517; 
2602; 0,04922517; 
2603; 0,04922517; 
2604; 0,04922517; 
2605; 0,04922517; 
2606; 0,04922517; 
2607; 0,04922517; 
2608; 0,04922517; 
2609; 0,04922517; 
2610; 0,04922517; 
2611; 0,04922517; 
2612; 0,04922517; 
2613; 0,04922517; 
2614; 0,04922517; 
2615; 0,04922517; 
2616; 0,04922517; 
2617; 0,04922517; 
2618; 0,04922517; 
2619; 0,04922517; 
2620; 0,04922517; 
2621; 0,04922517; 
2622; 0,04922517; 
2623; 0,04922517; 
2624; 0,04922517; 
2625; 0,04922517; 
2626; 0,04922517; 
2627; 0,04922517; 
2628; 0,04922517; 
2629; 0,04922517; 
2630; 0,04922517; 
2631; 0,04922517; 
2632; 0,04922517; 
2633; 0,04922517; 
2634; 0,04922517; 
2635; 0,04922517; 
2636; 0,04922517; 
2637; 0,04922517; 
2638; 0,04922517; 
2639; 0,04922517; 
2640; 0,04922517; 
2641; 0,04922517; 
2642; 0,04922517; 
2643; 0,04922517; 
2644; 0,04922517; 
2645; 0,04922517; 
2646; 0,04922517; 
2647; 0,04922517; 
2648; 0,04922517; 
2649; 0,04922517; 
2650; 0,04922517; 
2651; 0,04922517; 
2652; 0,04922517; 
2653; 0,04922517; 
2654; 0,04922517; 
2655; 0,04922517; 
2656; 0,04922517; 
2657; 0,04922517; 
2658; 0,04922517; 
2659; 0,04922517; 
2660; 0,04922517; 
2661; 0,04922517; 
2662; 0,04922517; 
2663; 0,04922517; 
2664; 0,04922517; 
2665; 0,04922517; 
2666; 0,04922517; 
2667; 0,04922517; 
2668; 0,04922517; 
2669; 0,04922517; 
2670; 0,04922517; 
2671; 0,04922517; 
2672; 0,04922517; 
2673; 0,04922517; 
2674; 0,04922517; 
2675; 0,04922517; 
2676; 0,04922517; 
2677; 0,04922517; 
2678; 0,04922517; 
2679; 0,04922517; 
2680; 0,04922517; 
2681; 0,04922517; 
2682; 0,04922517; 
2683; 0,04922517; 
2684; 0,04922517; 
2685; 0,04922517; 
2686; 0,04922517; 
2687; 0,04922517; 
2688; 0,04922517; 
2689; 0,04922517; 
2690; 0,04922517; 
2691; 0,04922517; 
2692; 0,04922517; 
2693; 0,04922517; 
2694; 0,04922517; 
2695; 0,04922517; 
2696; 0,04922517; 
2697; 0,04922517; 
2698; 0,04922517; 
2699; 0,04922517; 
2700; 0,04922517; 
2701; 0,04922517; 
2702; 0,04922517; 
2703; 0,04922517; 
2704; 0,04922517; 
2705; 0,04922517; 
2706; 0,04922517; 
2707; 0,04922517; 
2708; 0,04922517; 
2709; 0,04922517; 
2710; 0,04922517; 
2711; 0,04922517; 
2712; 0,04922517; 
2713; 0,04922517; 
2714; 0,04922517; 
2715; 0,04922517; 
2716; 0,04922517; 
2717; 0,04922517; 
2718; 0,04922517; 
2719; 0,04922517; 
2720; 0,04922517; 
2721; 0,04922517; 
2722; 0,04922517; 
2723; 0,04922517; 
2724; 0,04922517; 
2725; 0,04922517; 
2726; 0,04922517; 
2727; 0,04922517; 
2728; 0,04922517; 
2729; 0,04922517; 
2730; 0,04922517; 
2731; 0,04922517; 
2732; 0,04922517; 
2733; 0,04922517; 
2734; 0,04922517; 
2735; 0,04922517; 
2736; 0,04922517; 
2737; 0,04922517; 
2738; 0,04922517; 
2739; 0,04922517; 
2740; 0,04922517; 
2741; 0,04922517; 
2742; 0,04922517; 
2743; 0,04922517; 
2744; 0,04922517; 
2745; 0,04922517; 
2746; 0,04922517; 
2747; 0,04922517; 
2748; 0,04922517; 
2749; 0,04922517; 
2750; 0,04922517; 
2751; 0,04922517; 
2752; 0,04922517; 
2753; 0,04922517; 
2754; 0,04922517; 
2755; 0,04922517; 
2756; 0,04922517; 
2757; 0,04922517; 
2758; 0,04922517; 
2759; 0,04922517; 
2760; 0,04922517; 
2761; 0,04922517; 
2762; 0,04922517; 
2763; 0,04922517; 
2764; 0,04922517; 
2765; 0,04922517; 
2766; 0,04922517; 
2767; 0,04922517; 
2768; 0,04922517; 
2769; 0,04922517; 
2770; 0,04922517; 
2771; 0,04922517; 
2772; 0,04922517; 
2773; 0,04922517; 
2774; 0,04922517; 
2775; 0,04922517; 
2776; 0,04922517; 
2777; 0,04922517; 
2778; 0,04922517; 
2779; 0,04922517; 
2780; 0,04922517; 
2781; 0,04922517; 
2782; 0,04922517; 
2783; 0,04922517; 
2784; 0,04922517; 
2785; 0,04922517; 
2786; 0,04922517; 
2787; 0,04854790; 
2788; 0,04922517; 
2789; 0,04922517; 
2790; 0,04922517; 
2791; 0,04922517; 
2792; 0,04922517; 
2793; 0,04922517; 
2794; 0,04922517; 
2795; 0,04922517; 
2796; 0,04922517; 
2797; 0,04922517; 
2798; 0,04922517; 
2799; 0,04922517; 
2800; 0,04922517; 
2801; 0,04922517; 
2802; 0,04922517; 
2803; 0,04922517; 
2804; 0,04922517; 
2805; 0,04922517; 
2806; 0,04922517; 
2807; 0,04922517; 
2808; 0,04922517; 
2809; 0,04922517; 
2810; 0,04922517; 
2811; 0,04922517; 
2812; 0,04922517; 
2813; 0,04922517; 
2814; 0,04922517; 
2815; 0,04922517; 
2816; 0,04922517; 
2817; 0,04922517; 
2818; 0,04922517; 
2819; 0,04922517; 
2820; 0,04922517; 
2821; 0,04922517; 
2822; 0,04922517; 
2823; 0,04922517; 
2824; 0,04922517; 
2825; 0,04922517; 
2826; 0,04922517; 
2827; 0,04922517; 
2828; 0,04922517; 
2829; 0,04922517; 
2830; 0,04922517; 
2831; 0,04922517; 
2832; 0,04922517; 
2833; 0,04922517; 
2834; 0,04922517; 
2835; 0,04922517; 
2836; 0,04922517; 
2837; 0,04922517; 
2838; 0,04922517; 
2839; 0,04922517; 
2840; 0,04922517; 
2841; 0,04922517; 
2842; 0,04922517; 
2843; 0,04922517; 
2844; 0,04922517; 
2845; 0,04922517; 
2846; 0,04922517; 
2847; 0,04922517; 
2848; 0,04922517; 
2849; 0,04922517; 
2850; 0,04922517; 
2851; 0,04922517; 
2852; 0,04922517; 
2853; 0,04922517; 
2854; 0,04922517; 
2855; 0,04922517; 
2856; 0,04922517; 
2857; 0,04922517; 
2858; 0,04922517; 
2859; 0,04922517; 
2860; 0,04922517; 
2861; 0,04922517; 
2862; 0,04922517; 
2863; 0,04922517; 
2864; 0,04922517; 
2865; 0,04922517; 
2866; 0,04922517; 
2867; 0,04922517; 
2868; 0,04922517; 
2869; 0,04922517; 
2870; 0,04922517; 
2871; 0,04922517; 
2872; 0,04922517; 
2873; 0,04922517; 
2874; 0,04922517; 
2875; 0,04922517; 
2876; 0,04922517; 
2877; 0,04922517; 
2878; 0,04922517; 
2879; 0,04922517; 
2880; 0,04922517; 
2881; 0,04922517; 
2882; 0,04922517; 
2883; 0,04922517; 
2884; 0,04922517; 
2885; 0,04922517; 
2886; 0,04922517; 
2887; 0,04922517; 
2888; 0,04922517; 
2889; 0,04922517; 
2890; 0,04922517; 
2891; 0,04922517; 
2892; 0,04922517; 
2893; 0,04922517; 
2894; 0,04922517; 
2895; 0,04922517; 
2896; 0,04922517; 
2897; 0,04922517; 
2898; 0,04922517; 
2899; 0,04922517; 
2900; 0,04922517; 
2901; 0,04922517; 
2902; 0,04922517; 
2903; 0,04922517; 
2904; 0,04922517; 
2905; 0,04922517; 
2906; 0,04922517; 
2907; 0,04922517; 
2908; 0,04922517; 
2909; 0,04922517; 
2910; 0,04922517; 
2911; 0,04922517; 
2912; 0,04922517; 
2913; 0,04922517; 
2914; 0,04922517; 
2915; 0,04922517; 
2916; 0,04922517; 
2917; 0,04922517; 
2918; 0,04922517; 
2919; 0,04922517; 
2920; 0,04922517; 
2921; 0,04922517; 
2922; 0,04922517; 
2923; 0,04922517; 
2924; 0,04922517; 
2925; 0,04922517; 
2926; 0,04922517; 
2927; 0,04922517; 
2928; 0,04922517; 
2929; 0,04922517; 
2930; 0,04922517; 
2931; 0,04922517; 
2932; 0,04922517; 
2933; 0,04922517; 
2934; 0,04922517; 
2935; 0,04922517; 
2936; 0,04922517; 
2937; 0,04922517; 
2938; 0,04922517; 
2939; 0,04922517; 
2940; 0,04922517; 
2941; 0,04922517; 
2942; 0,04922517; 
2943; 0,04922517; 
2944; 0,04922517; 
2945; 0,04922517; 
2946; 0,04922517; 
2947; 0,04922517; 
2948; 0,04922517; 
2949; 0,04922517; 
2950; 0,04922517; 
2951; 0,04922517; 
2952; 0,04922517; 
2953; 0,04922517; 
2954; 0,04922517; 
2955; 0,04922517; 
2956; 0,04922517; 
2957; 0,04922517; 
2958; 0,04922517; 
2959; 0,04922517; 
2960; 0,04922517; 
2961; 0,04922517; 
2962; 0,04922517; 
2963; 0,04922517; 
2964; 0,04922517; 
2965; 0,04922517; 
2966; 0,04922517; 
2967; 0,04922517; 
2968; 0,04922517; 
2969; 0,04922517; 
2970; 0,04922517; 
2971; 0,04922517; 
2972; 0,04922517; 
2973; 0,04922517; 
2974; 0,04922517; 
2975; 0,04922517; 
2976; 0,04922517; 
2977; 0,04922517; 
2978; 0,04922517; 
2979; 0,04922517; 
2980; 0,04922517; 
2981; 0,04922517; 
2982; 0,04922517; 
2983; 0,04922517; 
2984; 0,04922517; 
2985; 0,04922517; 
2986; 0,04922517; 
2987; 0,04922517; 
2988; 0,04922517; 
2989; 0,04922517; 
2990; 0,04922517; 
2991; 0,04922517; 
2992; 0,04922517; 
2993; 0,04922517; 
2994; 0,04922517; 
2995; 0,04922517; 
2996; 0,04922517; 
2997; 0,04922517; 
2998; 0,04922517; 
2999; 0,04922517; 
