0; 9,01867944; 
1; 7,61111734; 
2; 6,76546788; 
3; 6,76546788; 
4; 6,65114718; 
5; 6,47482910; 
6; 6,39362308; 
7; 5,46591379; 
8; 5,17304789; 
9; 4,65772997; 
10; 4,64109540; 
11; 4,62153838; 
12; 4,13265703; 
13; 4,90986278; 
14; 4,15148401; 
15; 4,27255560; 
16; 4,19063710; 
17; 3,68043846; 
18; 3,68043846; 
19; 3,58440240; 
20; 3,88034343; 
21; 3,53911849; 
22; 3,53911849; 
23; 3,46238097; 
24; 3,46238097; 
25; 3,46238097; 
26; 3,17437844; 
27; 2,74649355; 
28; 2,39599604; 
29; 2,39599604; 
30; 2,12952635; 
31; 2,12952635; 
32; 2,12952635; 
33; 2,02714162; 
34; 1,88847338; 
35; 1,63925096; 
36; 1,88847338; 
37; 1,88132969; 
38; 1,87172276; 
39; 1,88132969; 
40; 1,88132969; 
41; 1,96385823; 
42; 1,62015237; 
43; 2,02940093; 
44; 2,02940093; 
45; 2,02940093; 
46; 2,02940093; 
47; 2,02940093; 
48; 2,02940093; 
49; 1,93742546; 
50; 2,10577800; 
51; 2,10577800; 
52; 2,10577800; 
53; 2,10577800; 
54; 2,10577800; 
55; 2,10577800; 
56; 2,10577800; 
57; 2,10577800; 
58; 1,90154729; 
59; 1,90154729; 
60; 1,90154729; 
61; 1,77364624; 
62; 1,77364624; 
63; 1,77364624; 
64; 1,74455113; 
65; 1,74455113; 
66; 1,74455113; 
67; 1,79282877; 
68; 1,79282877; 
69; 1,77777085; 
70; 1,77777085; 
71; 1,68811066; 
72; 1,68811066; 
73; 1,77777085; 
74; 1,77777085; 
75; 1,77898459; 
76; 1,77832273; 
77; 1,62817778; 
78; 1,27441984; 
79; 1,27441984; 
80; 1,27441984; 
81; 1,41377411; 
82; 1,41377411; 
83; 1,59510276; 
84; 1,58837382; 
85; 1,58676780; 
86; 1,58412678; 
87; 1,53014097; 
88; 1,54498625; 
89; 1,56274681; 
90; 1,56274681; 
91; 1,54507439; 
92; 1,54507439; 
93; 1,54507439; 
94; 1,54617877; 
95; 1,54721089; 
96; 1,54721089; 
97; 1,53217187; 
98; 1,51567716; 
99; 1,51567716; 
100; 1,51567212; 
101; 1,51360766; 
102; 1,51360766; 
103; 1,51360766; 
104; 1,51360766; 
105; 1,51360766; 
106; 1,51363448; 
107; 1,51366814; 
108; 1,51366814; 
109; 1,51366814; 
110; 1,51366814; 
111; 1,51369003; 
112; 1,51369603; 
113; 1,51369603; 
114; 1,51369911; 
115; 1,51364955; 
116; 1,51369911; 
117; 1,51369911; 
118; 1,51381722; 
119; 1,27516910; 
120; 1,27516910; 
121; 1,27516910; 
122; 1,27516910; 
123; 1,27516910; 
124; 1,27470393; 
125; 1,27470393; 
126; 1,27470393; 
127; 1,27470393; 
128; 1,27470393; 
129; 1,23109245; 
130; 1,23179194; 
131; 1,23179194; 
132; 1,23225454; 
133; 1,23128384; 
134; 1,23091516; 
135; 1,23360416; 
136; 1,23062963; 
137; 1,23062963; 
138; 1,23062963; 
139; 1,23062963; 
140; 1,23062963; 
141; 1,23062963; 
142; 1,23062963; 
143; 1,23062963; 
144; 1,23062941; 
145; 1,23063860; 
146; 1,23063860; 
147; 1,23064551; 
148; 1,08167670; 
149; 1,23064749; 
150; 1,23064749; 
151; 1,23064749; 
152; 1,23175907; 
153; 1,23175907; 
154; 1,23327857; 
155; 1,24250131; 
156; 1,23920150; 
157; 1,23062576; 
158; 1,23285221; 
159; 1,23374292; 
160; 1,23486741; 
161; 1,23418915; 
162; 1,23479046; 
163; 1,23461057; 
164; 1,23464631; 
165; 1,23464631; 
166; 1,23468225; 
167; 1,23468225; 
168; 1,23468225; 
169; 1,23468225; 
170; 1,23470287; 
171; 1,23470287; 
172; 1,23470287; 
173; 1,23470287; 
174; 1,23470504; 
175; 1,03833333; 
176; 1,03833333; 
177; 1,03833333; 
178; 1,03833333; 
179; 1,03833333; 
180; 1,03833333; 
181; 1,26425304; 
182; 1,24137030; 
183; 1,24137030; 
184; 1,23159953; 
185; 1,23195502; 
186; 1,23195502; 
187; 1,23304441; 
188; 1,23376903; 
189; 1,23433380; 
190; 1,23464180; 
191; 1,23464180; 
192; 1,06957337; 
193; 1,06957337; 
194; 1,06957337; 
195; 1,23498839; 
196; 1,23498839; 
197; 1,23498839; 
198; 1,23498839; 
199; 1,23498839; 
200; 1,23379023; 
201; 1,23379023; 
202; 1,23379023; 
203; 1,23379023; 
204; 1,23076268; 
205; 1,23076268; 
206; 1,19512658; 
207; 1,23070642; 
208; 1,13572186; 
209; 1,13572186; 
210; 1,13572186; 
211; 1,13572186; 
212; 1,23066685; 
213; 1,23066415; 
214; 1,23066415; 
215; 1,23066415; 
216; 1,23066415; 
217; 1,23066415; 
218; 1,18258087; 
219; 0,88252806; 
220; 1,18258087; 
221; 1,18258087; 
222; 1,18258087; 
223; 1,10499160; 
224; 1,11267341; 
225; 1,07976463; 
226; 1,09529096; 
227; 0,90690684; 
228; 0,90690684; 
229; 0,90690684; 
230; 1,05090727; 
231; 1,05090727; 
232; 1,05090727; 
233; 1,05090727; 
234; 1,03482607; 
235; 1,03482607; 
236; 1,03482607; 
237; 1,12519223; 
238; 1,12519223; 
239; 1,12992446; 
240; 0,67503650; 
241; 0,62774847; 
242; 0,67519340; 
243; 0,67519340; 
244; 0,67519340; 
245; 0,98762418; 
246; 0,68878573; 
247; 0,68878573; 
248; 0,68973268; 
249; 0,46776560; 
250; 0,40747293; 
251; 0,40747293; 
252; 0,36113706; 
253; 0,36113706; 
254; 0,38763404; 
255; 0,38763404; 
256; 0,38763404; 
257; 0,32838825; 
258; 0,36249399; 
259; 0,36249399; 
260; 0,36249399; 
261; 0,33761732; 
262; 0,33570872; 
263; 0,33570872; 
264; 0,33544448; 
265; 0,33505024; 
266; 0,33404495; 
267; 0,33404495; 
268; 0,33404495; 
269; 0,33404495; 
270; 0,33404495; 
271; 0,33404495; 
272; 0,33404495; 
273; 0,33404495; 
274; 0,33404495; 
275; 0,33404495; 
276; 0,33404495; 
277; 0,33404495; 
278; 0,33404495; 
279; 0,33404495; 
280; 0,33404495; 
281; 0,33404495; 
282; 0,33404495; 
283; 0,33404495; 
284; 0,33404495; 
285; 0,33313461; 
286; 0,33348807; 
287; 0,33348807; 
288; 0,33348807; 
289; 0,33348807; 
290; 0,33348807; 
291; 0,25856119; 
292; 0,19644791; 
293; 0,19644791; 
294; 0,23365874; 
295; 0,23365874; 
296; 0,23365874; 
297; 0,33351691; 
298; 0,33351691; 
299; 0,33352058; 
300; 0,33352241; 
301; 0,33352241; 
302; 0,33352241; 
303; 0,33352241; 
304; 0,33352241; 
305; 0,33352241; 
306; 0,33352241; 
307; 0,33352241; 
308; 0,33352241; 
309; 0,33352241; 
310; 0,33352241; 
311; 0,33352241; 
312; 0,33352241; 
313; 0,33352241; 
314; 0,33352241; 
315; 0,33352241; 
316; 0,33352241; 
317; 0,33352241; 
318; 0,33352241; 
319; 0,33352241; 
320; 0,33352241; 
321; 0,33352241; 
322; 0,33352241; 
323; 0,33352241; 
324; 0,33352241; 
325; 0,33352241; 
326; 0,33279164; 
327; 0,33307555; 
328; 0,33307555; 
329; 0,33307555; 
330; 0,33250196; 
331; 0,33238211; 
332; 0,33228273; 
333; 0,33229279; 
334; 0,33229279; 
335; 0,33229279; 
336; 0,33229279; 
337; 0,33229279; 
338; 0,33229423; 
339; 0,33229423; 
340; 0,33229496; 
341; 0,33229496; 
342; 0,33229496; 
343; 0,33229496; 
344; 0,33539481; 
345; 0,37780286; 
346; 0,33800648; 
347; 0,33800648; 
348; 0,33800648; 
349; 0,33800648; 
350; 0,33800648; 
351; 0,33865655; 
352; 0,33865655; 
353; 0,33883321; 
354; 0,33790136; 
355; 0,33790136; 
356; 0,33668014; 
357; 0,33668014; 
358; 0,33664498; 
359; 0,33664498; 
360; 0,33675427; 
361; 0,33675427; 
362; 0,33685455; 
363; 0,33685455; 
364; 0,33691624; 
365; 0,33691624; 
366; 0,33691624; 
367; 0,33691624; 
368; 0,33691624; 
369; 0,33691624; 
370; 0,33692449; 
371; 0,33655507; 
372; 0,33692449; 
373; 0,33692449; 
374; 0,33692449; 
375; 0,33692449; 
376; 0,33692449; 
377; 0,33692449; 
378; 0,33692449; 
379; 0,33692449; 
380; 0,33692449; 
381; 0,33692449; 
382; 0,33692449; 
383; 0,33692449; 
384; 0,24808276; 
385; 0,33699426; 
386; 0,33699426; 
387; 0,33699426; 
388; 0,33699426; 
389; 0,33699426; 
390; 0,33672278; 
391; 0,33672278; 
392; 0,33672278; 
393; 0,33672278; 
394; 0,33683674; 
395; 0,33793569; 
396; 0,33793569; 
397; 0,34003407; 
398; 0,34005109; 
399; 0,34005109; 
400; 0,34005109; 
401; 0,34005109; 
402; 0,33688380; 
403; 0,33707030; 
404; 0,34005109; 
405; 0,34005109; 
406; 0,34005109; 
407; 0,34005109; 
408; 0,34005109; 
409; 0,34005109; 
410; 0,34005109; 
411; 0,34005109; 
412; 0,34005109; 
413; 0,34005109; 
414; 0,34005109; 
415; 0,34005109; 
416; 0,34005109; 
417; 0,34005109; 
418; 0,34005109; 
419; 0,34005109; 
420; 0,34005109; 
421; 0,34005109; 
422; 0,33667292; 
423; 0,33248826; 
424; 0,33248826; 
425; 0,33248826; 
426; 0,22580927; 
427; 0,33272344; 
428; 0,33344068; 
429; 0,33392272; 
430; 0,33392272; 
431; 0,33384319; 
432; 0,33233864; 
433; 0,33239483; 
434; 0,33239483; 
435; 0,33242190; 
436; 0,33242190; 
437; 0,33242190; 
438; 0,33242190; 
439; 0,33242190; 
440; 0,33243120; 
441; 0,33245344; 
442; 0,33245344; 
443; 0,33463042; 
444; 0,33244753; 
445; 0,33244753; 
446; 0,33262754; 
447; 0,33262754; 
448; 0,33262754; 
449; 0,33262754; 
450; 0,33266967; 
451; 0,33266967; 
452; 0,33266967; 
453; 0,33266967; 
454; 0,33266967; 
455; 0,33245102; 
456; 0,33245102; 
457; 0,33245086; 
458; 0,31663437; 
459; 0,27245897; 
460; 0,27245897; 
461; 0,31663437; 
462; 0,61459369; 
463; 0,41638902; 
464; 0,38145449; 
465; 0,45444383; 
466; 0,43634189; 
467; 0,36462036; 
468; 0,36462036; 
469; 0,36462036; 
470; 0,36462036; 
471; 0,36462036; 
472; 0,36536378; 
473; 0,36536378; 
474; 0,36536378; 
475; 0,36218621; 
476; 0,34213998; 
477; 0,34213998; 
478; 0,35019405; 
479; 0,35019405; 
480; 0,35019405; 
481; 0,38100388; 
482; 0,39500574; 
483; 0,34124499; 
484; 0,33377749; 
485; 0,33855840; 
486; 0,33316112; 
487; 0,33316112; 
488; 0,21388814; 
489; 0,33780691; 
490; 0,37794886; 
491; 0,41411579; 
492; 0,41411579; 
493; 0,41411579; 
494; 0,41411579; 
495; 0,40698783; 
496; 0,39421712; 
497; 0,39374601; 
498; 0,38741476; 
499; 0,33295624; 
500; 0,33945315; 
501; 0,33945315; 
502; 0,33945315; 
503; 0,35102180; 
504; 0,35102180; 
505; 0,35102180; 
506; 0,33558625; 
507; 0,33558625; 
508; 0,33564050; 
509; 0,33564050; 
510; 0,33564050; 
511; 0,33564050; 
512; 0,33564050; 
513; 0,33564050; 
514; 0,33564050; 
515; 0,33564050; 
516; 0,20547423; 
517; 0,33564050; 
518; 0,33482349; 
519; 0,33482349; 
520; 0,33482349; 
521; 0,33482349; 
522; 0,34147707; 
523; 0,34147707; 
524; 0,34147707; 
525; 0,33360737; 
526; 0,33360737; 
527; 0,33360737; 
528; 0,33360737; 
529; 0,33360737; 
530; 0,33499108; 
531; 0,33541511; 
532; 0,33563558; 
533; 0,33563558; 
534; 0,33563558; 
535; 0,33563558; 
536; 0,33563558; 
537; 0,33563558; 
538; 0,33564980; 
539; 0,33564980; 
540; 0,33564980; 
541; 0,31519205; 
542; 0,31519205; 
543; 0,20787713; 
544; 0,20787713; 
545; 0,33564980; 
546; 0,33564980; 
547; 0,33446957; 
548; 0,33564980; 
549; 0,31946687; 
550; 0,33564980; 
551; 0,33564980; 
552; 0,33280827; 
553; 0,33280827; 
554; 0,28623934; 
555; 0,28623934; 
556; 0,28623934; 
557; 0,28623934; 
558; 0,27636505; 
559; 0,33169753; 
560; 0,33169753; 
561; 0,26881388; 
562; 0,28865168; 
563; 0,26925484; 
564; 0,24799834; 
565; 0,24572642; 
566; 0,20197819; 
567; 0,20197819; 
568; 0,20197819; 
569; 0,20547452; 
570; 0,20547452; 
571; 0,20547452; 
572; 0,20909650; 
573; 0,20920189; 
574; 0,20920189; 
575; 0,20949330; 
576; 0,20949330; 
577; 0,20320865; 
578; 0,20208963; 
579; 0,20184392; 
580; 0,20150945; 
581; 0,19762613; 
582; 0,19755405; 
583; 0,19710261; 
584; 0,19710261; 
585; 0,19710261; 
586; 0,19710261; 
587; 0,19710261; 
588; 0,19710261; 
589; 0,19710261; 
590; 0,19710261; 
591; 0,19710261; 
592; 0,19710305; 
593; 0,19710327; 
594; 0,19710327; 
595; 0,19710327; 
596; 0,19710327; 
597; 0,19710327; 
598; 0,19710327; 
599; 0,19710327; 
600; 0,19710327; 
601; 0,19710327; 
602; 0,19710327; 
603; 0,19710327; 
604; 0,19710327; 
605; 0,19710327; 
606; 0,19710327; 
607; 0,19710327; 
608; 0,19710327; 
609; 0,19710327; 
610; 0,19710327; 
611; 0,19710327; 
612; 0,19710327; 
613; 0,19710327; 
614; 0,19710327; 
615; 0,19710327; 
616; 0,20195434; 
617; 0,20823660; 
618; 0,20410841; 
619; 0,20410841; 
620; 0,20520654; 
621; 0,19928935; 
622; 0,19770900; 
623; 0,19770900; 
624; 0,16785857; 
625; 0,16785857; 
626; 0,19770900; 
627; 0,19762954; 
628; 0,19693710; 
629; 0,19693710; 
630; 0,19693710; 
631; 0,13812087; 
632; 0,13812087; 
633; 0,13812087; 
634; 0,19696339; 
635; 0,19696795; 
636; 0,19696795; 
637; 0,19696795; 
638; 0,19696795; 
639; 0,21979180; 
640; 0,23043825; 
641; 0,21262460; 
642; 0,23043825; 
643; 0,23043825; 
644; 0,22458872; 
645; 0,22360427; 
646; 0,22360427; 
647; 0,22360427; 
648; 0,22307259; 
649; 0,22435102; 
650; 0,22435102; 
651; 0,22493787; 
652; 0,22493787; 
653; 0,22493787; 
654; 0,22493787; 
655; 0,22493787; 
656; 0,22493787; 
657; 0,20735110; 
658; 0,19942663; 
659; 0,20803954; 
660; 0,20803954; 
661; 0,20803954; 
662; 0,20803954; 
663; 0,20803954; 
664; 0,20803954; 
665; 0,20803954; 
666; 0,19951403; 
667; 0,20140155; 
668; 0,19981499; 
669; 0,19981499; 
670; 0,19981499; 
671; 0,20008011; 
672; 0,19795337; 
673; 0,19795337; 
674; 0,19776048; 
675; 0,19776048; 
676; 0,19776048; 
677; 0,19776048; 
678; 0,19776048; 
679; 0,19776048; 
680; 0,19776048; 
681; 0,19776048; 
682; 0,19776048; 
683; 0,19776048; 
684; 0,19776048; 
685; 0,19776048; 
686; 0,19776048; 
687; 0,19776048; 
688; 0,19726225; 
689; 0,19748384; 
690; 0,19761528; 
691; 0,19768616; 
692; 0,19772289; 
693; 0,19772289; 
694; 0,19772289; 
695; 0,19772289; 
696; 0,19773221; 
697; 0,19773221; 
698; 0,19773221; 
699; 0,19773221; 
700; 0,19773221; 
701; 0,19773221; 
702; 0,19773221; 
703; 0,19773221; 
704; 0,19773221; 
705; 0,19773221; 
706; 0,19773221; 
707; 0,19773221; 
708; 0,19773221; 
709; 0,19773221; 
710; 0,19773221; 
711; 0,19773221; 
712; 0,19773221; 
713; 0,19773221; 
714; 0,19779447; 
715; 0,19779447; 
716; 0,19779447; 
717; 0,19779447; 
718; 0,19779447; 
719; 0,20840691; 
720; 0,20840691; 
721; 0,20890228; 
722; 0,20890228; 
723; 0,21319160; 
724; 0,21319160; 
725; 0,21319160; 
726; 0,19942070; 
727; 0,19942070; 
728; 0,21319160; 
729; 0,21319160; 
730; 0,21319160; 
731; 0,21319160; 
732; 0,21319160; 
733; 0,21319160; 
734; 0,21319160; 
735; 0,21319160; 
736; 0,21319160; 
737; 0,21319160; 
738; 0,20354938; 
739; 0,20354938; 
740; 0,21040908; 
741; 0,20053874; 
742; 0,23756072; 
743; 0,19787168; 
744; 0,19787168; 
745; 0,19787168; 
746; 0,19697374; 
747; 0,19697374; 
748; 0,19697374; 
749; 0,19706383; 
750; 0,19706383; 
751; 0,19706383; 
752; 0,19706383; 
753; 0,19706383; 
754; 0,19706383; 
755; 0,19706383; 
756; 0,19706383; 
757; 0,19706383; 
758; 0,19706383; 
759; 0,19706383; 
760; 0,19706383; 
761; 0,19706383; 
762; 0,19706383; 
763; 0,19706383; 
764; 0,19706383; 
765; 0,19706383; 
766; 0,19706383; 
767; 0,19706383; 
768; 0,19706383; 
769; 0,19706383; 
770; 0,19706383; 
771; 0,19706383; 
772; 0,19706383; 
773; 0,19706383; 
774; 0,19706383; 
775; 0,19706383; 
776; 0,19727250; 
777; 0,19756765; 
778; 0,19934355; 
779; 0,19934355; 
780; 0,19934355; 
781; 0,19934355; 
782; 0,19936796; 
783; 0,19936796; 
784; 0,19936796; 
785; 0,19879090; 
786; 0,19876956; 
787; 0,19870912; 
788; 0,19870912; 
789; 0,19872199; 
790; 0,19872199; 
791; 0,19872199; 
792; 0,19872199; 
793; 0,19872199; 
794; 0,19872199; 
795; 0,19872199; 
796; 0,19872199; 
797; 0,19872285; 
798; 0,19872285; 
799; 0,19872285; 
800; 0,19872307; 
801; 0,19872307; 
802; 0,19872310; 
803; 0,19872311; 
804; 0,19872315; 
805; 0,19872315; 
806; 0,19872315; 
807; 0,19872315; 
808; 0,19872315; 
809; 0,19872315; 
810; 0,19872315; 
811; 0,19872316; 
812; 0,19872316; 
813; 0,19872316; 
814; 0,19872316; 
815; 0,19872316; 
816; 0,19872316; 
817; 0,19872316; 
818; 0,19872316; 
819; 0,19872316; 
820; 0,19872316; 
821; 0,19872316; 
822; 0,16825299; 
823; 0,19872316; 
824; 0,19872316; 
825; 0,19872316; 
826; 0,19872316; 
827; 0,19872316; 
828; 0,19872316; 
829; 0,19872316; 
830; 0,19872316; 
831; 0,19872316; 
832; 0,20269002; 
833; 0,20269002; 
834; 0,20269002; 
835; 0,20269002; 
836; 0,26155871; 
837; 0,22056911; 
838; 0,22056911; 
839; 0,22056911; 
840; 0,22056911; 
841; 0,21399509; 
842; 0,20301273; 
843; 0,19898864; 
844; 0,19898864; 
845; 0,19914358; 
846; 0,19931925; 
847; 0,14479726; 
848; 0,14479726; 
849; 0,19931925; 
850; 0,17382707; 
851; 0,17382707; 
852; 0,17382707; 
853; 0,17382707; 
854; 0,19947275; 
855; 0,19947275; 
856; 0,14606361; 
857; 0,14381254; 
858; 0,17937800; 
859; 0,29717065; 
860; 0,15158476; 
861; 0,05784259; 
862; 0,05784259; 
863; 0,19744696; 
864; 0,20645400; 
865; 0,20645400; 
866; 0,20645400; 
867; 0,20625163; 
868; 0,20625163; 
869; 0,20597259; 
870; 0,20608465; 
871; 0,20608465; 
872; 0,20608465; 
873; 0,20610252; 
874; 0,20610252; 
875; 0,20610252; 
876; 0,20610252; 
877; 0,20610252; 
878; 0,20610252; 
879; 0,20610252; 
880; 0,20610338; 
881; 0,20610381; 
882; 0,20610381; 
883; 0,20610381; 
884; 0,20610386; 
885; 0,20610386; 
886; 0,20595804; 
887; 0,20201031; 
888; 0,20305105; 
889; 0,20610387; 
890; 0,20610387; 
891; 0,16629520; 
892; 0,16629520; 
893; 0,16629520; 
894; 0,20610387; 
895; 0,20610387; 
896; 0,20610387; 
897; 0,20450359; 
898; 0,19882476; 
899; 0,19882476; 
900; 0,19882476; 
901; 0,19882574; 
902; 0,19859701; 
903; 0,18214583; 
904; 0,18214583; 
905; 0,18214583; 
906; 0,18214583; 
907; 0,15008768; 
908; 0,19814498; 
909; 0,19814498; 
910; 0,20307823; 
911; 0,22625584; 
912; 0,39230541; 
913; 0,22212707; 
914; 0,22212707; 
915; 0,20530680; 
916; 0,21919991; 
917; 0,21912521; 
918; 0,21912521; 
919; 0,21912521; 
920; 0,21912521; 
921; 0,21912521; 
922; 0,21912521; 
923; 0,21912521; 
924; 0,20977340; 
925; 0,15994085; 
926; 0,21912521; 
927; 0,21912521; 
928; 0,21912521; 
929; 0,21837224; 
930; 0,21912521; 
931; 0,22116610; 
932; 0,19274212; 
933; 0,19274212; 
934; 0,19274212; 
935; 0,18945911; 
936; 0,14336536; 
937; 0,14336536; 
938; 0,22324562; 
939; 0,20204355; 
940; 0,19924847; 
941; 0,19710704; 
942; 0,19739851; 
943; 0,19812880; 
944; 0,19863999; 
945; 0,19863999; 
946; 0,19863999; 
947; 0,19893207; 
948; 0,19692105; 
949; 0,19692105; 
950; 0,19711631; 
951; 0,19711631; 
952; 0,19719815; 
953; 0,17342591; 
954; 0,19719815; 
955; 0,19719815; 
956; 0,19719815; 
957; 0,19719815; 
958; 0,19719815; 
959; 0,19719815; 
960; 0,19719815; 
961; 0,19719815; 
962; 0,19720232; 
963; 0,19720232; 
964; 0,19720232; 
965; 0,19720232; 
966; 0,19720232; 
967; 0,19720232; 
968; 0,19720232; 
969; 0,19720232; 
970; 0,13606700; 
971; 0,13606700; 
972; 0,19720232; 
973; 0,19720232; 
974; 0,19720232; 
975; 0,19720232; 
976; 0,19720232; 
977; 0,19720232; 
978; 0,19720232; 
979; 0,19720609; 
980; 0,19720609; 
981; 0,16572207; 
982; 0,16572207; 
983; 0,16572207; 
984; 0,19721929; 
985; 0,19724056; 
986; 0,19725185; 
987; 0,19725378; 
988; 0,19725475; 
989; 0,13564439; 
990; 0,13564439; 
991; 0,13564439; 
992; 0,19725620; 
993; 0,20719099; 
994; 0,23332285; 
995; 0,22488520; 
996; 0,22072651; 
997; 0,22488520; 
998; 0,21018855; 
999; 0,20894524; 
1000; 0,20894524; 
1001; 0,20073594; 
1002; 0,19982496; 
1003; 0,19902672; 
1004; 0,19798302; 
1005; 0,19735803; 
1006; 0,19735803; 
1007; 0,19735803; 
1008; 0,19735803; 
1009; 0,17652941; 
1010; 0,17652941; 
1011; 0,19724080; 
1012; 0,19724080; 
1013; 0,19724080; 
1014; 0,19724080; 
1015; 0,19724080; 
1016; 0,19724080; 
1017; 0,19691550; 
1018; 0,19698292; 
1019; 0,19691550; 
1020; 0,19692359; 
1021; 0,19698292; 
1022; 0,19698292; 
1023; 0,19700424; 
1024; 0,19706952; 
1025; 0,19706952; 
1026; 0,32968058; 
1027; 0,39793405; 
1028; 0,36179881; 
1029; 0,21808919; 
1030; 0,34759452; 
1031; 0,13573375; 
1032; 0,13573375; 
1033; 0,09417676; 
1034; 0,11293216; 
1035; 0,11212133; 
1036; 0,11212133; 
1037; 0,11212133; 
1038; 0,11212133; 
1039; 0,11212133; 
1040; 0,11212133; 
1041; 0,11212133; 
1042; 0,09142616; 
1043; 0,11212133; 
1044; 0,06848489; 
1045; 0,06915905; 
1046; 0,06162435; 
1047; 0,05152037; 
1048; 0,05070180; 
1049; 0,05648234; 
1050; 0,05016981; 
1051; 0,05016981; 
1052; 0,06076785; 
1053; 0,06332190; 
1054; 0,06332190; 
1055; 0,06332190; 
1056; 0,06332190; 
1057; 0,06332190; 
1058; 0,06332190; 
1059; 0,06339368; 
1060; 0,06339368; 
1061; 0,06339368; 
1062; 0,06342613; 
1063; 0,06342613; 
1064; 0,06342613; 
1065; 0,06342613; 
1066; 0,06342613; 
1067; 0,06342613; 
1068; 0,06342613; 
1069; 0,06342613; 
1070; 0,06342613; 
1071; 0,06342613; 
1072; 0,06342619; 
1073; 0,03703497; 
1074; 0,05054506; 
1075; 0,05514449; 
1076; 0,05514449; 
1077; 0,05514449; 
1078; 0,04978974; 
1079; 0,04978974; 
1080; 0,04978974; 
1081; 0,04978974; 
1082; 0,04992336; 
1083; 0,04992336; 
1084; 0,04992336; 
1085; 0,04992336; 
1086; 0,04992336; 
1087; 0,04992336; 
1088; 0,04992336; 
1089; 0,04992336; 
1090; 0,04992336; 
1091; 0,04992336; 
1092; 0,04964487; 
1093; 0,04967046; 
1094; 0,04967046; 
1095; 0,04967046; 
1096; 0,04967046; 
1097; 0,04967046; 
1098; 0,04999021; 
1099; 0,04999021; 
1100; 0,04999021; 
1101; 0,04999021; 
1102; 0,04999021; 
1103; 0,04999021; 
1104; 0,04999021; 
1105; 0,04999021; 
1106; 0,04999021; 
1107; 0,04999021; 
1108; 0,04999021; 
1109; 0,04999021; 
1110; 0,04999021; 
1111; 0,04999021; 
1112; 0,04999021; 
1113; 0,04999021; 
1114; 0,04999021; 
1115; 0,04999021; 
1116; 0,04223380; 
1117; 0,04999021; 
1118; 0,04999021; 
1119; 0,04999021; 
1120; 0,05171013; 
1121; 0,04959592; 
1122; 0,04959592; 
1123; 0,05005279; 
1124; 0,05037556; 
1125; 0,05096189; 
1126; 0,05096189; 
1127; 0,05380957; 
1128; 0,05380957; 
1129; 0,05380957; 
1130; 0,05161885; 
1131; 0,04931693; 
1132; 0,04931693; 
1133; 0,04931693; 
1134; 0,04925559; 
1135; 0,04923315; 
1136; 0,04923110; 
1137; 0,04923110; 
1138; 0,04923110; 
1139; 0,04922927; 
1140; 0,04923315; 
1141; 0,04923315; 
1142; 0,04923315; 
1143; 0,04923528; 
1144; 0,04923650; 
1145; 0,04923782; 
1146; 0,04923782; 
1147; 0,04923782; 
1148; 0,04923782; 
1149; 0,04923782; 
1150; 0,04933240; 
1151; 0,04933240; 
1152; 0,05024289; 
1153; 0,04963416; 
1154; 0,04963416; 
1155; 0,04963416; 
1156; 0,04963416; 
1157; 0,04961870; 
1158; 0,04960156; 
1159; 0,04961870; 
1160; 0,04961870; 
1161; 0,04961870; 
1162; 0,04961870; 
1163; 0,04961870; 
1164; 0,04961870; 
1165; 0,04961870; 
1166; 0,04961870; 
1167; 0,04961870; 
1168; 0,04961870; 
1169; 0,04961870; 
1170; 0,04961870; 
1171; 0,04961870; 
1172; 0,04961870; 
1173; 0,04961870; 
1174; 0,04961870; 
1175; 0,04961870; 
1176; 0,04961870; 
1177; 0,04961870; 
1178; 0,04961870; 
1179; 0,04961870; 
1180; 0,04961870; 
1181; 0,04961870; 
1182; 0,04961870; 
1183; 0,04961870; 
1184; 0,04961870; 
1185; 0,04961870; 
1186; 0,04961870; 
1187; 0,04961870; 
1188; 0,04961870; 
1189; 0,04961870; 
1190; 0,04961870; 
1191; 0,04961870; 
1192; 0,04961870; 
1193; 0,04961870; 
1194; 0,04961870; 
1195; 0,04961870; 
1196; 0,04961870; 
1197; 0,04961870; 
1198; 0,04961870; 
1199; 0,04961870; 
1200; 0,04961870; 
1201; 0,04961870; 
1202; 0,04961870; 
1203; 0,04961870; 
1204; 0,04961870; 
1205; 0,04961870; 
1206; 0,04961870; 
1207; 0,04961870; 
1208; 0,04961870; 
1209; 0,04961870; 
1210; 0,04961609; 
1211; 0,04924270; 
1212; 0,04924270; 
1213; 0,04924270; 
1214; 0,04924270; 
1215; 0,04924270; 
1216; 0,04924270; 
1217; 0,04924270; 
1218; 0,04924270; 
1219; 0,04924270; 
1220; 0,05003494; 
1221; 0,05003494; 
1222; 0,05003494; 
1223; 0,05003494; 
1224; 0,05003494; 
1225; 0,05003494; 
1226; 0,05003494; 
1227; 0,05003494; 
1228; 0,05003494; 
1229; 0,05003494; 
1230; 0,05003494; 
1231; 0,05003494; 
1232; 0,05003494; 
1233; 0,05003494; 
1234; 0,05003494; 
1235; 0,05003494; 
1236; 0,05003494; 
1237; 0,05003494; 
1238; 0,05003494; 
1239; 0,05003494; 
1240; 0,05003494; 
1241; 0,05003494; 
1242; 0,05003494; 
1243; 0,05003494; 
1244; 0,05003494; 
1245; 0,05003494; 
1246; 0,05003494; 
1247; 0,05003494; 
1248; 0,05003494; 
1249; 0,05003494; 
1250; 0,05003494; 
1251; 0,05003494; 
1252; 0,05003494; 
1253; 0,05003494; 
1254; 0,05003494; 
1255; 0,05003494; 
1256; 0,05003494; 
1257; 0,05003494; 
1258; 0,05003494; 
1259; 0,05003494; 
1260; 0,05003494; 
1261; 0,05003494; 
1262; 0,05003494; 
1263; 0,05003494; 
1264; 0,05003494; 
1265; 0,05003494; 
1266; 0,05003494; 
1267; 0,05003494; 
1268; 0,05003494; 
1269; 0,05003494; 
1270; 0,05003494; 
1271; 0,05003494; 
1272; 0,05003494; 
1273; 0,05003494; 
1274; 0,05003494; 
1275; 0,05003494; 
1276; 0,05003494; 
1277; 0,05003494; 
1278; 0,05003494; 
1279; 0,05003494; 
1280; 0,05003494; 
1281; 0,05003494; 
1282; 0,05003494; 
1283; 0,05003494; 
1284; 0,05075285; 
1285; 0,05075285; 
1286; 0,05075285; 
1287; 0,05096818; 
1288; 0,05096818; 
1289; 0,05096818; 
1290; 0,05096818; 
1291; 0,05096818; 
1292; 0,05077116; 
1293; 0,04932203; 
1294; 0,04997252; 
1295; 0,05022133; 
1296; 0,05022133; 
1297; 0,06190408; 
1298; 0,04927972; 
1299; 0,04927972; 
1300; 0,04927972; 
1301; 0,04927972; 
1302; 0,04927972; 
1303; 0,04927972; 
1304; 0,04927255; 
1305; 0,04927255; 
1306; 0,04927255; 
1307; 0,04930889; 
1308; 0,04932213; 
1309; 0,04932213; 
1310; 0,04932213; 
1311; 0,04932634; 
1312; 0,04932628; 
1313; 0,04932628; 
1314; 0,04932628; 
1315; 0,04932658; 
1316; 0,04932658; 
1317; 0,04932656; 
1318; 0,04932656; 
1319; 0,04932655; 
1320; 0,04932656; 
1321; 0,04932656; 
1322; 0,04932656; 
1323; 0,04932656; 
1324; 0,04932656; 
1325; 0,04932656; 
1326; 0,04932656; 
1327; 0,04932656; 
1328; 0,04932656; 
1329; 0,04932656; 
1330; 0,04932656; 
1331; 0,04932656; 
1332; 0,04932656; 
1333; 0,04932656; 
1334; 0,04960548; 
1335; 0,04960548; 
1336; 0,04960548; 
1337; 0,04960548; 
1338; 0,04971509; 
1339; 0,04971509; 
1340; 0,04971509; 
1341; 0,04971509; 
1342; 0,04971509; 
1343; 0,04971509; 
1344; 0,04971509; 
1345; 0,04971509; 
1346; 0,04971509; 
1347; 0,04971509; 
1348; 0,04971509; 
1349; 0,04971509; 
1350; 0,04971509; 
1351; 0,04971509; 
1352; 0,04971509; 
1353; 0,05016699; 
1354; 0,05016699; 
1355; 0,05016699; 
1356; 0,05077880; 
1357; 0,05077880; 
1358; 0,05146715; 
1359; 0,05166458; 
1360; 0,05176709; 
1361; 0,05176709; 
1362; 0,05186152; 
1363; 0,05186152; 
1364; 0,05187213; 
1365; 0,05187213; 
1366; 0,05187213; 
1367; 0,05187213; 
1368; 0,05187213; 
1369; 0,05187213; 
1370; 0,05187213; 
1371; 0,05187213; 
1372; 0,05187213; 
1373; 0,05187213; 
1374; 0,05187213; 
1375; 0,05187213; 
1376; 0,05187213; 
1377; 0,05187213; 
1378; 0,05187213; 
1379; 0,05187213; 
1380; 0,05187213; 
1381; 0,05187213; 
1382; 0,05187213; 
1383; 0,05187213; 
1384; 0,05187213; 
1385; 0,05187213; 
1386; 0,05187213; 
1387; 0,05187213; 
1388; 0,05187213; 
1389; 0,05187213; 
1390; 0,05187213; 
1391; 0,05187213; 
1392; 0,04378097; 
1393; 0,04378097; 
1394; 0,04378097; 
1395; 0,04378097; 
1396; 0,21726973; 
1397; 0,43409634; 
1398; 0,07503978; 
1399; 0,07503978; 
1400; 0,07503978; 
1401; 0,06383323; 
1402; 0,05900684; 
1403; 0,05900684; 
1404; 0,05900684; 
1405; 0,05900684; 
1406; 0,06060588; 
1407; 0,05982645; 
1408; 0,05982645; 
1409; 0,05982645; 
1410; 0,05982645; 
1411; 0,05987058; 
1412; 0,05987058; 
1413; 0,05987058; 
1414; 0,05987058; 
1415; 0,05987058; 
1416; 0,05988653; 
1417; 0,05989082; 
1418; 0,05989082; 
1419; 0,05989137; 
1420; 0,05989191; 
1421; 0,05989191; 
1422; 0,04994511; 
1423; 0,05220153; 
1424; 0,05220153; 
1425; 0,05536926; 
1426; 0,05536926; 
1427; 0,05536926; 
1428; 0,05550144; 
1429; 0,05552503; 
1430; 0,05511727; 
1431; 0,05511727; 
1432; 0,05523120; 
1433; 0,05523120; 
1434; 0,05523120; 
1435; 0,05523120; 
1436; 0,05523120; 
1437; 0,05523120; 
1438; 0,05989627; 
1439; 0,05989627; 
1440; 0,05989627; 
1441; 0,05989627; 
1442; 0,06057300; 
1443; 0,06057300; 
1444; 0,06057300; 
1445; 0,04131453; 
1446; 0,04131453; 
1447; 0,04935767; 
1448; 0,04935767; 
1449; 0,04935767; 
1450; 0,04941326; 
1451; 0,04951978; 
1452; 0,04967724; 
1453; 0,04967724; 
1454; 0,04967724; 
1455; 0,04967724; 
1456; 0,04967724; 
1457; 0,04967724; 
1458; 0,04960749; 
1459; 0,04960749; 
1460; 0,04968298; 
1461; 0,04968298; 
1462; 0,04968298; 
1463; 0,04968298; 
1464; 0,04968370; 
1465; 0,04968370; 
1466; 0,04968370; 
1467; 0,04968388; 
1468; 0,04968388; 
1469; 0,04968388; 
1470; 0,04968388; 
1471; 0,04968388; 
1472; 0,04968388; 
1473; 0,04968388; 
1474; 0,04968388; 
1475; 0,04968388; 
1476; 0,04968389; 
1477; 0,04968389; 
1478; 0,04968389; 
1479; 0,04968389; 
1480; 0,04968389; 
1481; 0,04968389; 
1482; 0,04968389; 
1483; 0,04968389; 
1484; 0,04968389; 
1485; 0,04968389; 
1486; 0,04968389; 
1487; 0,04968389; 
1488; 0,04968389; 
1489; 0,04968389; 
1490; 0,04961716; 
1491; 0,04961716; 
1492; 0,04955978; 
1493; 0,04955978; 
1494; 0,04957183; 
1495; 0,04957183; 
1496; 0,04957183; 
1497; 0,04957084; 
1498; 0,04955947; 
1499; 0,04955947; 
1500; 0,04955947; 
1501; 0,04956008; 
1502; 0,04955946; 
1503; 0,04955946; 
1504; 0,04955946; 
1505; 0,04955946; 
1506; 0,04955946; 
1507; 0,04955946; 
1508; 0,04955946; 
1509; 0,04955946; 
1510; 0,04955946; 
1511; 0,04955946; 
1512; 0,04925234; 
1513; 0,04925234; 
1514; 0,04922538; 
1515; 0,04922538; 
1516; 0,04922538; 
1517; 0,04922538; 
1518; 0,04922563; 
1519; 0,04922687; 
1520; 0,04922802; 
1521; 0,04922870; 
1522; 0,04922870; 
1523; 0,04922888; 
1524; 0,04922888; 
1525; 0,04922888; 
1526; 0,04922888; 
1527; 0,04922888; 
1528; 0,04922888; 
1529; 0,04922888; 
1530; 0,04922889; 
1531; 0,04922889; 
1532; 0,04922889; 
1533; 0,04922889; 
1534; 0,04922889; 
1535; 0,04922889; 
1536; 0,04922889; 
1537; 0,04922889; 
1538; 0,04220125; 
1539; 0,04922889; 
1540; 0,04922889; 
1541; 0,04922889; 
1542; 0,04922889; 
1543; 0,04922889; 
1544; 0,04922889; 
1545; 0,04922889; 
1546; 0,04922889; 
1547; 0,04922889; 
1548; 0,04922889; 
1549; 0,04922889; 
1550; 0,04922889; 
1551; 0,04922889; 
1552; 0,04922889; 
1553; 0,04922889; 
1554; 0,04922889; 
1555; 0,04922889; 
1556; 0,04922889; 
1557; 0,04922889; 
1558; 0,04922889; 
1559; 0,04922889; 
1560; 0,04922889; 
1561; 0,04922889; 
1562; 0,04922889; 
1563; 0,04922889; 
1564; 0,04922889; 
1565; 0,04922889; 
1566; 0,04922889; 
1567; 0,04922889; 
1568; 0,04922889; 
1569; 0,04922889; 
1570; 0,04922889; 
1571; 0,04922889; 
1572; 0,04922889; 
1573; 0,04922889; 
1574; 0,04922889; 
1575; 0,04922889; 
1576; 0,04922889; 
1577; 0,04922889; 
1578; 0,04922889; 
1579; 0,04922889; 
1580; 0,04922889; 
1581; 0,04922889; 
1582; 0,04922889; 
1583; 0,04922889; 
1584; 0,06863284; 
1585; 0,09301858; 
1586; 0,10875340; 
1587; 0,07663384; 
1588; 0,03754869; 
1589; 0,03754869; 
1590; 0,05941756; 
1591; 0,05941756; 
1592; 0,05941756; 
1593; 0,06756195; 
1594; 0,08495217; 
1595; 0,08740913; 
1596; 0,08876283; 
1597; 0,08876283; 
1598; 0,08876283; 
1599; 0,09546499; 
1600; 0,09546499; 
1601; 0,08884584; 
1602; 0,09207557; 
1603; 0,06730416; 
1604; 0,05847237; 
1605; 0,05847237; 
1606; 0,05838543; 
1607; 0,05838543; 
1608; 0,05838543; 
1609; 0,05838543; 
1610; 0,05838543; 
1611; 0,05838543; 
1612; 0,05837374; 
1613; 0,05837374; 
1614; 0,05837374; 
1615; 0,05837374; 
1616; 0,05837374; 
1617; 0,05837374; 
1618; 0,05837374; 
1619; 0,05837374; 
1620; 0,05837374; 
1621; 0,05837374; 
1622; 0,05837374; 
1623; 0,05837374; 
1624; 0,05061831; 
1625; 0,05008469; 
1626; 0,05008469; 
1627; 0,04924633; 
1628; 0,04924633; 
1629; 0,04924633; 
1630; 0,04924633; 
1631; 0,04924633; 
1632; 0,04924633; 
1633; 0,04941902; 
1634; 0,04941902; 
1635; 0,04941902; 
1636; 0,04941902; 
1637; 0,04950078; 
1638; 0,04950078; 
1639; 0,04950078; 
1640; 0,04950078; 
1641; 0,04950078; 
1642; 0,04950078; 
1643; 0,04950078; 
1644; 0,04950078; 
1645; 0,04950078; 
1646; 0,04950078; 
1647; 0,04950078; 
1648; 0,04950078; 
1649; 0,04950078; 
1650; 0,04950078; 
1651; 0,04950078; 
1652; 0,04950078; 
1653; 0,04950078; 
1654; 0,04950078; 
1655; 0,04950078; 
1656; 0,04950078; 
1657; 0,04950078; 
1658; 0,04945687; 
1659; 0,04945687; 
1660; 0,04942814; 
1661; 0,04942814; 
1662; 0,04942582; 
1663; 0,04942582; 
1664; 0,04942582; 
1665; 0,04942582; 
1666; 0,04942582; 
1667; 0,04942582; 
1668; 0,04942582; 
1669; 0,04942582; 
1670; 0,04942582; 
1671; 0,04942582; 
1672; 0,04942582; 
1673; 0,04942582; 
1674; 0,04942582; 
1675; 0,04942582; 
1676; 0,04942582; 
1677; 0,04942582; 
1678; 0,04942582; 
1679; 0,04942582; 
1680; 0,04951969; 
1681; 0,04951969; 
1682; 0,04963365; 
1683; 0,04963365; 
1684; 0,04974838; 
1685; 0,04974838; 
1686; 0,04974838; 
1687; 0,04976437; 
1688; 0,04976437; 
1689; 0,04976437; 
1690; 0,04976437; 
1691; 0,04976437; 
1692; 0,04976437; 
1693; 0,04976437; 
1694; 0,04976437; 
1695; 0,04976437; 
1696; 0,04976437; 
1697; 0,04976437; 
1698; 0,04976437; 
1699; 0,04976465; 
1700; 0,04976475; 
1701; 0,04976475; 
1702; 0,04976475; 
1703; 0,04976475; 
1704; 0,04976475; 
1705; 0,04976475; 
1706; 0,04976475; 
1707; 0,04976476; 
1708; 0,04976476; 
1709; 0,04957432; 
1710; 0,04957432; 
1711; 0,04957432; 
1712; 0,04957432; 
1713; 0,04957432; 
1714; 0,04957432; 
1715; 0,04957432; 
1716; 0,04957432; 
1717; 0,04957432; 
1718; 0,04957432; 
1719; 0,04957432; 
1720; 0,04957432; 
1721; 0,04957432; 
1722; 0,04957432; 
1723; 0,04957432; 
1724; 0,04957432; 
1725; 0,04957432; 
1726; 0,04957432; 
1727; 0,04957432; 
1728; 0,04957432; 
1729; 0,04960761; 
1730; 0,04926003; 
1731; 0,04926003; 
1732; 0,04926003; 
1733; 0,04926003; 
1734; 0,04926003; 
1735; 0,04928376; 
1736; 0,04928376; 
1737; 0,04929067; 
1738; 0,04929067; 
1739; 0,04929067; 
1740; 0,04929067; 
1741; 0,04929732; 
1742; 0,04929732; 
1743; 0,04929732; 
1744; 0,04929732; 
1745; 0,04930001; 
1746; 0,04930001; 
1747; 0,04930001; 
1748; 0,04930001; 
1749; 0,04930037; 
1750; 0,04930046; 
1751; 0,04930065; 
1752; 0,04930065; 
1753; 0,04930070; 
1754; 0,04930072; 
1755; 0,04930072; 
1756; 0,04930072; 
1757; 0,04930072; 
1758; 0,04930072; 
1759; 0,04930072; 
1760; 0,04930072; 
1761; 0,04930072; 
1762; 0,04930072; 
1763; 0,04930072; 
1764; 0,04930072; 
1765; 0,04925871; 
1766; 0,04923943; 
1767; 0,04923900; 
1768; 0,04923900; 
1769; 0,04923670; 
1770; 0,04923744; 
1771; 0,04923828; 
1772; 0,04923828; 
1773; 0,04923828; 
1774; 0,04923854; 
1775; 0,04923854; 
1776; 0,04923854; 
1777; 0,04923854; 
1778; 0,04923854; 
1779; 0,04923854; 
1780; 0,04923854; 
1781; 0,04923854; 
1782; 0,04923855; 
1783; 0,04923855; 
1784; 0,04923855; 
1785; 0,04923855; 
1786; 0,04923855; 
1787; 0,04925022; 
1788; 0,04939848; 
1789; 0,04939848; 
1790; 0,04939848; 
1791; 0,04939848; 
1792; 0,04939848; 
1793; 0,04939848; 
1794; 0,04939848; 
1795; 0,04939848; 
1796; 0,04939848; 
1797; 0,06133440; 
1798; 0,06278927; 
1799; 0,06279807; 
1800; 0,06308353; 
1801; 0,06308353; 
1802; 0,06328084; 
1803; 0,06328084; 
1804; 0,05214423; 
1805; 0,05076394; 
1806; 0,05076394; 
1807; 0,05076394; 
1808; 0,05076394; 
1809; 0,05076394; 
1810; 0,05076394; 
1811; 0,05159957; 
1812; 0,05221045; 
1813; 0,05221045; 
1814; 0,05221045; 
1815; 0,05221045; 
1816; 0,05221045; 
1817; 0,05221045; 
1818; 0,05221045; 
1819; 0,05221045; 
1820; 0,05221045; 
1821; 0,04966190; 
1822; 0,04966190; 
1823; 0,04966190; 
1824; 0,04966190; 
1825; 0,04966190; 
1826; 0,04969160; 
1827; 0,04970499; 
1828; 0,04970499; 
1829; 0,04970499; 
1830; 0,04970499; 
1831; 0,04970499; 
1832; 0,04970587; 
1833; 0,04970675; 
1834; 0,05281676; 
1835; 0,05281676; 
1836; 0,05040385; 
1837; 0,05003475; 
1838; 0,04963968; 
1839; 0,05003475; 
1840; 0,04963968; 
1841; 0,04969235; 
1842; 0,04969235; 
1843; 0,04969235; 
1844; 0,04969235; 
1845; 0,04971931; 
1846; 0,04973448; 
1847; 0,04974249; 
1848; 0,04974249; 
1849; 0,04935351; 
1850; 0,04935351; 
1851; 0,04935649; 
1852; 0,04942128; 
1853; 0,04942128; 
1854; 0,04942128; 
1855; 0,04942128; 
1856; 0,04942128; 
1857; 0,04936191; 
1858; 0,04936191; 
1859; 0,04936191; 
1860; 0,04930784; 
1861; 0,04932721; 
1862; 0,04935057; 
1863; 0,04938599; 
1864; 0,04938599; 
1865; 0,04938599; 
1866; 0,04938701; 
1867; 0,04938701; 
1868; 0,04938701; 
1869; 0,04938714; 
1870; 0,04938714; 
1871; 0,04938714; 
1872; 0,04938736; 
1873; 0,04938736; 
1874; 0,04938736; 
1875; 0,04938736; 
1876; 0,04938736; 
1877; 0,04938736; 
1878; 0,04943100; 
1879; 0,04943100; 
1880; 0,04948348; 
1881; 0,04944406; 
1882; 0,04930149; 
1883; 0,04930149; 
1884; 0,04930149; 
1885; 0,04930108; 
1886; 0,04930069; 
1887; 0,04930069; 
1888; 0,04930067; 
1889; 0,04930067; 
1890; 0,04930067; 
1891; 0,04930067; 
1892; 0,04930067; 
1893; 0,04930067; 
1894; 0,04930067; 
1895; 0,04930067; 
1896; 0,04930067; 
1897; 0,04930067; 
1898; 0,04930067; 
1899; 0,04930067; 
1900; 0,04930067; 
1901; 0,04930067; 
1902; 0,04930067; 
1903; 0,04930067; 
1904; 0,04930067; 
1905; 0,04930067; 
1906; 0,04930067; 
1907; 0,04930067; 
1908; 0,04930068; 
1909; 0,04930068; 
1910; 0,04930068; 
1911; 0,04930068; 
1912; 0,04930068; 
1913; 0,04930068; 
1914; 0,04930068; 
1915; 0,05181806; 
1916; 0,05181806; 
1917; 0,05300353; 
1918; 0,04980610; 
1919; 0,04980610; 
1920; 0,04980610; 
1921; 0,04980610; 
1922; 0,04992420; 
1923; 0,04992420; 
1924; 0,05005321; 
1925; 0,05005321; 
1926; 0,05012180; 
1927; 0,05436499; 
1928; 0,05231031; 
1929; 0,05049632; 
1930; 0,05027871; 
1931; 0,05027871; 
1932; 0,05027871; 
1933; 0,05072516; 
1934; 0,05072516; 
1935; 0,05055910; 
1936; 0,05016205; 
1937; 0,05023501; 
1938; 0,05015298; 
1939; 0,05010278; 
1940; 0,05010278; 
1941; 0,05010278; 
1942; 0,05010278; 
1943; 0,05010278; 
1944; 0,05010278; 
1945; 0,04922959; 
1946; 0,04922959; 
1947; 0,04922959; 
1948; 0,04940747; 
1949; 0,04940747; 
1950; 0,04922506; 
1951; 0,04922506; 
1952; 0,04923800; 
1953; 0,04923800; 
1954; 0,04923800; 
1955; 0,04923800; 
1956; 0,04924464; 
1957; 0,04924464; 
1958; 0,04925156; 
1959; 0,04925156; 
1960; 0,04925318; 
1961; 0,04925318; 
1962; 0,04925318; 
1963; 0,04925318; 
1964; 0,04925318; 
1965; 0,04925318; 
1966; 0,04925318; 
1967; 0,04925318; 
1968; 0,04925318; 
1969; 0,04925318; 
1970; 0,04925318; 
1971; 0,04925318; 
1972; 0,04925318; 
1973; 0,04925318; 
1974; 0,04925318; 
1975; 0,04925318; 
1976; 0,04925318; 
1977; 0,04925318; 
1978; 0,05044234; 
1979; 0,05068190; 
1980; 0,05444889; 
1981; 0,05438406; 
1982; 0,05409057; 
1983; 0,05409057; 
1984; 0,05409057; 
1985; 0,05409057; 
1986; 0,05409057; 
1987; 0,05409057; 
1988; 0,05409509; 
1989; 0,05409722; 
1990; 0,05409722; 
1991; 0,05409971; 
1992; 0,05409971; 
1993; 0,05409971; 
1994; 0,05410016; 
1995; 0,05410016; 
1996; 0,05410039; 
1997; 0,05410039; 
1998; 0,05319832; 
1999; 0,05363794; 
2000; 0,05083235; 
2001; 0,04945762; 
2002; 0,05095646; 
2003; 0,05237645; 
2004; 0,05410062; 
2005; 0,05125229; 
2006; 0,05125229; 
2007; 0,05125229; 
2008; 0,05125229; 
2009; 0,05125229; 
2010; 0,05125229; 
2011; 0,05125229; 
2012; 0,05125229; 
2013; 0,05125229; 
2014; 0,05125229; 
2015; 0,05125229; 
2016; 0,05125229; 
2017; 0,05125229; 
2018; 0,05125229; 
2019; 0,05125229; 
2020; 0,05125229; 
2021; 0,05125229; 
2022; 0,05125229; 
2023; 0,05125229; 
2024; 0,05125229; 
2025; 0,05125229; 
2026; 0,05125229; 
2027; 0,05125229; 
2028; 0,05125229; 
2029; 0,05125229; 
2030; 0,05125229; 
2031; 0,05125229; 
2032; 0,05125229; 
2033; 0,05125400; 
2034; 0,04551956; 
2035; 0,04551956; 
2036; 0,05125400; 
2037; 0,05125400; 
2038; 0,05125400; 
2039; 0,05125400; 
2040; 0,05125400; 
2041; 0,04988955; 
2042; 0,04988955; 
2043; 0,04988955; 
2044; 0,04988955; 
2045; 0,04988955; 
2046; 0,04988955; 
2047; 0,04988955; 
2048; 0,04988955; 
2049; 0,05005332; 
2050; 0,05005332; 
2051; 0,04941359; 
2052; 0,04941359; 
2053; 0,04941359; 
2054; 0,04941359; 
2055; 0,04952971; 
2056; 0,04952971; 
2057; 0,04952971; 
2058; 0,04954628; 
2059; 0,04955474; 
2060; 0,04955901; 
2061; 0,04955901; 
2062; 0,04955901; 
2063; 0,04955901; 
2064; 0,04955901; 
2065; 0,04955901; 
2066; 0,04956142; 
2067; 0,04938051; 
2068; 0,04938051; 
2069; 0,04938051; 
2070; 0,04925137; 
2071; 0,04937241; 
2072; 0,04947934; 
2073; 0,04954439; 
2074; 0,04965648; 
2075; 0,04965648; 
2076; 0,04971905; 
2077; 0,04978596; 
2078; 0,05011808; 
2079; 0,05011808; 
2080; 0,05011808; 
2081; 0,05011808; 
2082; 0,05011808; 
2083; 0,05011808; 
2084; 0,04924307; 
2085; 0,04941366; 
2086; 0,04965981; 
2087; 0,04959412; 
2088; 0,04965981; 
2089; 0,03988492; 
2090; 0,03988492; 
2091; 0,04965981; 
2092; 0,04940600; 
2093; 0,04940600; 
2094; 0,04940600; 
2095; 0,04940600; 
2096; 0,04941641; 
2097; 0,04941641; 
2098; 0,04941641; 
2099; 0,04933558; 
2100; 0,04933558; 
2101; 0,04936936; 
2102; 0,04936936; 
2103; 0,04938112; 
2104; 0,04938112; 
2105; 0,04938112; 
2106; 0,04938112; 
2107; 0,04938112; 
2108; 0,04938112; 
2109; 0,04938112; 
2110; 0,04938112; 
2111; 0,04938112; 
2112; 0,04937301; 
2113; 0,04929816; 
2114; 0,04961247; 
2115; 0,04930208; 
2116; 0,04930208; 
2117; 0,04930208; 
2118; 0,04934806; 
2119; 0,04938891; 
2120; 0,04941688; 
2121; 0,04941688; 
2122; 0,04941688; 
2123; 0,04942407; 
2124; 0,04942407; 
2125; 0,04942407; 
2126; 0,04942407; 
2127; 0,04967549; 
2128; 0,04967549; 
2129; 0,05050541; 
2130; 0,05050541; 
2131; 0,05167761; 
2132; 0,05173641; 
2133; 0,05130883; 
2134; 0,05130883; 
2135; 0,05130883; 
2136; 0,05130883; 
2137; 0,05130883; 
2138; 0,05130883; 
2139; 0,05130883; 
2140; 0,05130883; 
2141; 0,05130883; 
2142; 0,05130883; 
2143; 0,05130883; 
2144; 0,05355703; 
2145; 0,05355703; 
2146; 0,05355703; 
2147; 0,05533089; 
2148; 0,14152231; 
2149; 0,14152231; 
2150; 0,17259056; 
2151; 0,20005473; 
2152; 0,18879307; 
2153; 0,07585059; 
2154; 0,13068341; 
2155; 0,13068341; 
2156; 0,14591760; 
2157; 0,14591760; 
2158; 0,16318114; 
2159; 0,08441231; 
2160; 0,08441231; 
2161; 0,08441231; 
2162; 0,02355051; 
2163; 0,02355051; 
2164; 0,02355051; 
2165; 0,02196406; 
2166; 0,02196406; 
2167; 0,02804872; 
2168; 0,02804872; 
2169; 0,02946288; 
2170; 0,02946288; 
2171; 0,02946288; 
2172; 0,03070340; 
2173; 0,03070340; 
2174; 0,03070340; 
2175; 0,03070340; 
2176; 0,03070340; 
2177; 0,03070340; 
2178; 0,03074365; 
2179; 0,03074365; 
2180; 0,03074365; 
2181; 0,03074365; 
2182; 0,03074365; 
2183; 0,03049372; 
2184; 0,02994020; 
2185; 0,02994020; 
2186; 0,02994020; 
2187; 0,00225619; 
2188; 0,00239122; 
2189; 0,00239122; 
2190; 0,00239122; 
2191; 0,00339777; 
2192; 0,00339777; 
2193; 0,00339777; 
2194; 0,00073116; 
2195; 0,00073116; 
2196; 0,00180093; 
2197; 0,00180093; 
2198; 0,00180093; 
2199; 0,00215075; 
2200; 0,00253351; 
2201; 0,00273723; 
2202; 0,00273723; 
2203; 0,00273723; 
2204; 0,00273723; 
2205; 0,00273723; 
2206; 0,00273723; 
2207; 0,00273723; 
2208; 0,00273723; 
2209; 0,00076284; 
2210; 0,00076284; 
2211; 0,00076284; 
2212; 0,00076338; 
2213; 0,00076338; 
2214; 0,00076338; 
2215; 0,00076338; 
2216; 0,00076338; 
2217; 0,00076360; 
2218; 0,00076360; 
2219; 0,00076360; 
2220; 0,00076360; 
2221; 0,00076360; 
2222; 0,00076360; 
2223; 0,00076361; 
2224; 0,00076361; 
2225; 0,00076361; 
2226; 0,00076361; 
2227; 0,00076361; 
2228; 0,00076361; 
2229; 0,00076361; 
2230; 0,00076361; 
2231; 0,00076361; 
2232; 0,00076361; 
2233; 0,00076361; 
2234; 0,00076361; 
2235; 0,00076361; 
2236; 0,00076361; 
2237; 0,00076361; 
2238; 0,00076361; 
2239; 0,00047170; 
2240; 0,00076361; 
2241; 0,00076361; 
2242; 0,00076361; 
2243; 0,00076361; 
2244; 0,00076361; 
2245; 0,00076361; 
2246; 0,00076361; 
2247; 0,00076361; 
2248; 0,00076361; 
2249; 0,00076361; 
2250; 0,00076361; 
2251; 0,00076361; 
2252; 0,00076361; 
2253; 0,00076361; 
2254; 0,00044424; 
2255; 0,00044424; 
2256; 0,00321029; 
2257; 0,00481429; 
2258; 0,00481429; 
2259; 0,00633856; 
2260; 0,00633856; 
2261; 0,00679461; 
2262; 0,00679461; 
2263; 0,00679461; 
2264; 0,00679461; 
2265; 0,00679461; 
2266; 0,00679461; 
2267; 0,00679461; 
2268; 0,00679461; 
2269; 0,00700086; 
2270; 0,00127720; 
2271; 0,00127720; 
2272; 0,00098760; 
2273; 0,00034373; 
2274; 0,00098760; 
2275; 0,00139496; 
2276; 0,00163558; 
2277; 0,00163558; 
2278; 0,00163558; 
2279; 0,00163558; 
2280; 0,00166739; 
2281; 0,00166739; 
2282; 0,00166739; 
2283; 0,00159794; 
2284; 0,00165932; 
2285; 0,00165932; 
2286; 0,00165932; 
2287; 0,00173747; 
2288; 0,00183070; 
2289; 0,00183070; 
2290; 0,00183070; 
2291; 0,00183070; 
2292; 0,00183070; 
2293; 0,00298725; 
2294; 0,00298725; 
2295; 0,00382876; 
2296; 0,00382876; 
2297; 0,00382876; 
2298; 0,00382876; 
2299; 0,00382876; 
2300; 0,00394628; 
2301; 0,00394628; 
2302; 0,00400606; 
2303; 0,00400606; 
2304; 0,00400606; 
2305; 0,00400606; 
2306; 0,00400606; 
2307; 0,00400816; 
2308; 0,00400816; 
2309; 0,00400816; 
2310; 0,00400816; 
2311; 0,00400816; 
2312; 0,00400816; 
2313; 0,00400816; 
2314; 0,00400816; 
2315; 0,00400816; 
2316; 0,00400816; 
2317; 0,00400816; 
2318; 0,00400816; 
2319; 0,00400816; 
2320; 0,00400816; 
2321; 0,00400816; 
2322; 0,00400816; 
2323; 0,00400816; 
2324; 0,00400816; 
2325; 0,00400816; 
2326; 0,00400816; 
2327; 0,00400816; 
2328; 0,00400816; 
2329; 0,00400816; 
2330; 0,00400816; 
2331; 0,00400816; 
2332; 0,00400816; 
2333; 0,00400816; 
2334; 0,00400816; 
2335; 0,00400816; 
2336; 0,00400816; 
2337; 0,00400816; 
2338; 0,00400816; 
2339; 0,00400816; 
2340; 0,00400816; 
2341; 0,00400816; 
2342; 0,00400816; 
2343; 0,00144726; 
2344; 0,00400816; 
2345; 0,00400816; 
2346; 0,00400816; 
2347; 0,00400816; 
2348; 0,00400816; 
2349; 0,00400816; 
2350; 0,00400816; 
2351; 0,00400816; 
2352; 0,00400816; 
2353; 0,00319869; 
2354; 0,00138843; 
2355; 0,00138843; 
2356; 0,00138843; 
2357; 0,00173985; 
2358; 0,00200079; 
2359; 0,00144872; 
2360; 0,00165882; 
2361; 0,00165882; 
2362; 0,00165882; 
2363; 0,00171099; 
2364; 0,00177871; 
2365; 0,00182078; 
2366; 0,00732624; 
2367; 0,00760409; 
2368; 0,00760409; 
2369; 0,00760409; 
2370; 0,00767450; 
2371; 0,00767450; 
2372; 0,00767450; 
2373; 0,00767450; 
2374; 0,00767450; 
2375; 0,00767450; 
2376; 0,00767450; 
2377; 0,00118804; 
2378; 0,00118804; 
2379; 0,00118804; 
2380; 0,00118804; 
2381; 0,00118804; 
2382; 0,00163646; 
2383; 0,00163646; 
2384; 0,00163646; 
2385; 0,00163646; 
2386; 0,00163646; 
2387; 0,00166793; 
2388; 0,00166793; 
2389; 0,00168381; 
2390; 0,00168381; 
2391; 0,00168381; 
2392; 0,00168780; 
2393; 0,01499075; 
2394; 0,00741551; 
2395; 0,00038764; 
2396; 0,00277552; 
2397; 0,00277552; 
2398; 0,00277552; 
2399; 0,00277552; 
2400; 0,00277552; 
2401; 0,00277552; 
2402; 0,00277552; 
2403; 0,00277552; 
2404; 0,00277552; 
2405; 0,00277552; 
2406; 0,00277552; 
2407; 0,00277552; 
2408; 0,00277552; 
2409; 0,00277552; 
2410; 0,00277552; 
2411; 0,00277552; 
2412; 0,00277552; 
2413; 0,01805206; 
2414; 0,01805206; 
2415; 0,00864704; 
2416; 0,00864704; 
2417; 0,00864704; 
2418; 0,00864704; 
2419; 0,00327613; 
2420; 0,00327613; 
2421; 0,00327613; 
2422; 0,00489252; 
2423; 0,00573367; 
2424; 0,00573367; 
2425; 0,00560561; 
2426; 0,00374452; 
2427; 0,00374452; 
2428; 0,00374452; 
2429; 0,00492254; 
2430; 0,00492254; 
2431; 0,00492254; 
2432; 0,00492254; 
2433; 0,00492254; 
2434; 0,00492254; 
2435; 0,00492254; 
2436; 0,00492254; 
2437; 0,00492254; 
2438; 0,00492254; 
2439; 0,00492254; 
2440; 0,00492254; 
2441; 0,00492254; 
2442; 0,00492254; 
2443; 0,00492254; 
2444; 0,00492254; 
2445; 0,00492254; 
2446; 0,00492254; 
2447; 0,00492254; 
2448; 0,00492254; 
2449; 0,00492254; 
2450; 0,00492254; 
2451; 0,00492254; 
2452; 0,00492254; 
2453; 0,00492254; 
2454; 0,00492254; 
2455; 0,00492254; 
2456; 0,00492254; 
2457; 0,00492254; 
2458; 0,00492254; 
2459; 0,00492254; 
2460; 0,00492254; 
2461; 0,00492254; 
2462; 0,00492254; 
2463; 0,00492254; 
2464; 0,00492254; 
2465; 0,00492254; 
2466; 0,00492254; 
2467; 0,00492254; 
2468; 0,00492254; 
2469; 0,00492254; 
2470; 0,00492254; 
2471; 0,00492254; 
2472; 0,00492254; 
2473; 0,00492254; 
2474; 0,00492254; 
2475; 0,00492254; 
2476; 0,00492254; 
2477; 0,00492254; 
2478; 0,00492254; 
2479; 0,00492254; 
2480; 0,00492254; 
2481; 0,00492254; 
2482; 0,00492254; 
2483; 0,00492254; 
2484; 0,00303470; 
2485; 0,00121353; 
2486; 0,00146453; 
2487; 0,00145943; 
2488; 0,00145943; 
2489; 0,00172084; 
2490; 0,00174837; 
2491; 0,00188810; 
2492; 0,00188810; 
2493; 0,00188810; 
2494; 0,00188810; 
2495; 0,00094083; 
2496; 0,00115521; 
2497; 0,00115521; 
2498; 0,00145686; 
2499; 0,00145686; 
2500; 0,00145686; 
2501; 0,00145713; 
2502; 0,00128706; 
2503; 0,00100631; 
2504; 0,00036605; 
2505; 0,00036605; 
2506; 0,00036605; 
2507; 0,00036605; 
2508; 0,00036605; 
2509; 0,00036605; 
2510; 0,00036605; 
2511; 0,00036605; 
2512; 0,00036605; 
2513; 0,00036605; 
2514; 0,00036605; 
2515; 0,00036605; 
2516; 0,00036605; 
2517; 0,00036605; 
2518; 0,00036605; 
2519; 0,00036605; 
2520; 0,00036605; 
2521; 0,00036605; 
2522; 0,00036605; 
2523; 0,00036605; 
2524; 0,00036605; 
2525; 0,00036605; 
2526; 0,00036605; 
2527; 0,00036605; 
2528; 0,00036605; 
2529; 0,00036605; 
2530; 0,00036605; 
2531; 0,00036605; 
2532; 0,00036605; 
2533; 0,00044669; 
2534; 0,00044669; 
2535; 0,00049009; 
2536; 0,00049009; 
2537; 0,00049009; 
2538; 0,00049009; 
2539; 0,00049009; 
2540; 0,00050972; 
2541; 0,00050972; 
2542; 0,00036284; 
2543; 0,00011371; 
2544; 0,00011371; 
2545; 0,00011371; 
2546; 0,00011371; 
2547; 0,00011371; 
2548; 0,00011371; 
2549; 0,00011371; 
2550; 0,00011371; 
2551; 0,00011371; 
2552; 0,00011371; 
2553; 0,00011371; 
2554; 0,00011371; 
2555; 0,00011371; 
2556; 0,00011371; 
2557; 0,00011371; 
2558; 0,00011371; 
2559; 0,00011371; 
2560; 0,00011371; 
2561; 0,00011371; 
2562; 0,00020130; 
2563; 0,00020130; 
2564; 0,00023828; 
2565; 0,00028118; 
2566; 0,00021706; 
2567; 0,00020469; 
2568; 0,00020469; 
2569; 0,00021906; 
2570; 0,00022800; 
2571; 0,00023812; 
2572; 0,00023812; 
2573; 0,00023812; 
2574; 0,00023812; 
2575; 0,00023812; 
2576; 0,00023812; 
2577; 0,00023812; 
2578; 0,00023812; 
2579; 0,00023812; 
2580; 0,00023812; 
2581; 0,00023812; 
2582; 0,00524231; 
2583; 0,01037378; 
2584; 0,01037378; 
2585; 0,00335577; 
2586; 0,00634574; 
2587; 0,02680176; 
2588; 0,02680176; 
2589; 0,04849070; 
2590; 0,04849070; 
2591; 0,05508282; 
2592; 0,05508282; 
2593; 0,05508282; 
2594; 0,05508282; 
2595; 0,05508282; 
2596; 0,00646948; 
2597; 0,00578179; 
2598; 0,00571539; 
2599; 0,00564602; 
2600; 0,00564817; 
2601; 0,00564344; 
2602; 0,00564344; 
2603; 0,00564344; 
2604; 0,00564786; 
2605; 0,00564786; 
2606; 0,00564880; 
2607; 0,00564880; 
2608; 0,00564929; 
2609; 0,00564929; 
2610; 0,00197276; 
2611; 0,00197276; 
2612; 0,00197276; 
2613; 0,00197276; 
2614; 0,00165392; 
2615; 0,00165392; 
2616; 0,00165392; 
2617; 0,00169563; 
2618; 0,00175547; 
2619; 0,00175547; 
2620; 0,00179218; 
2621; 0,00183342; 
2622; 0,00183342; 
2623; 0,00183342; 
2624; 0,00183371; 
2625; 0,00183403; 
2626; 0,00183403; 
2627; 0,00189108; 
2628; 0,00189108; 
2629; 0,00189108; 
2630; 0,00189109; 
2631; 0,00189110; 
2632; 0,00189110; 
2633; 0,00189110; 
2634; 0,00189301; 
2635; 0,00189301; 
2636; 0,00025287; 
2637; 0,00086551; 
2638; 0,00086551; 
2639; 0,00086551; 
2640; 0,00086551; 
2641; 0,00086551; 
2642; 0,00086551; 
2643; 0,00086551; 
2644; 0,00086551; 
2645; 0,00086551; 
2646; 0,00086551; 
2647; 0,00086551; 
2648; 0,00017516; 
2649; 0,00017516; 
2650; 0,00005661; 
