0,000000; -1,34539333;
1,000000; -1,39802130;
2,000000; -0,89933135;
3,000000; -0,89933135;
4,000000; -0,77172674;
5,000000; -0,39634623;
6,000000; -0,39634623;
7,000000; -0,39731801;
8,000000; -0,39383571;
9,000000; -0,32159347;
10,000000; -0,33620416;
11,000000; -0,33811353;
12,000000; -0,33811353;
13,000000; -0,33811353;
14,000000; -0,33811353;
15,000000; -0,33579222;
16,000000; -0,33694285;
17,000000; -0,33694285;
18,000000; -0,15100399;
19,000000; -0,33694285;
20,000000; -0,33694285;
21,000000; -0,33694285;
22,000000; -0,14410856;
23,000000; -0,33694285;
24,000000; -0,33694285;
25,000000; -0,33559968;
26,000000; -0,33626783;
27,000000; -0,33626783;
28,000000; -0,25343786;
29,000000; -0,22288509;
30,000000; -0,17579920;
31,000000; -0,17579920;
32,000000; -0,32808745;
33,000000; -0,32786223;
34,000000; -0,32786223;
35,000000; -0,32786223;
36,000000; -0,32786223;
37,000000; -0,32786223;
38,000000; -0,32786223;
39,000000; -0,29517451;
40,000000; -0,22885280;
41,000000; -0,22885280;
42,000000; -0,30263701;
43,000000; -0,30263701;
44,000000; -0,30263701;
45,000000; -0,30482338;
46,000000; -0,30602066;
47,000000; -0,30602066;
48,000000; -0,30602066;
49,000000; -0,30602066;
50,000000; -0,30602066;
51,000000; -0,30602066;
52,000000; -0,30602066;
53,000000; -0,30602066;
54,000000; -0,30602066;
55,000000; -0,30602066;
56,000000; -0,29692932;
57,000000; -0,30052074;
58,000000; -0,30052074;
59,000000; -0,15986639;
60,000000; -0,15986639;
61,000000; -0,15986639;
62,000000; -0,30052074;
63,000000; -0,30052074;
64,000000; -0,30052074;
65,000000; -0,30052074;
66,000000; -0,30052074;
67,000000; -0,30052074;
68,000000; -0,30052074;
69,000000; -0,29799790;
70,000000; -0,29846412;
71,000000; -0,29538382;
72,000000; -0,29556028;
73,000000; -0,29556028;
74,000000; -0,29557956;
75,000000; -0,29557956;
76,000000; -0,29557956;
77,000000; -0,29557956;
78,000000; -0,29557956;
79,000000; -0,29557956;
80,000000; -0,29557956;
81,000000; -0,29557956;
82,000000; -0,29557956;
83,000000; -0,29557956;
84,000000; -0,29557956;
85,000000; -0,29557956;
86,000000; -0,29557956;
87,000000; -0,29557956;
88,000000; -0,29557956;
89,000000; -0,29557956;
90,000000; -0,29557956;
91,000000; -0,29557956;
92,000000; -0,27863365;
93,000000; -0,29543812;
94,000000; -0,25511224;
95,000000; -0,29550571;
96,000000; -0,29550571;
97,000000; -0,29550571;
98,000000; -0,29550571;
99,000000; -0,29550571;
100,000000; -0,29550571;
101,000000; -0,29550571;
102,000000; -0,29550571;
103,000000; -0,29550571;
104,000000; -0,29550571;
105,000000; -0,29550571;
106,000000; -0,29550571;
107,000000; -0,29550571;
108,000000; -0,29550571;
109,000000; -0,29550571;
110,000000; -0,17168467;
111,000000; -0,29550571;
112,000000; -0,29550571;
113,000000; -0,29550571;
114,000000; -0,29550571;
115,000000; -0,29550571;
116,000000; -0,29550571;
117,000000; -0,29550571;
118,000000; -0,29550571;
119,000000; -0,29550571;
120,000000; -0,29550571;
121,000000; -0,29550571;
122,000000; -0,29550571;
123,000000; -0,29550571;
124,000000; -0,29550571;
125,000000; -0,29550571;
126,000000; -0,29550571;
127,000000; -0,29550571;
128,000000; -0,29550571;
129,000000; -0,29550571;
130,000000; -0,29550571;
131,000000; -0,29550571;
132,000000; -0,29550571;
133,000000; -0,29550571;
134,000000; -0,29550571;
135,000000; -0,29550571;
136,000000; -0,29550571;
137,000000; -0,29550571;
138,000000; -0,29550571;
139,000000; -0,29550571;
140,000000; -0,29550571;
141,000000; -0,29550571;
142,000000; -0,23228414;
143,000000; -0,29529703;
144,000000; -0,15974849;
145,000000; -0,29529703;
146,000000; -0,29529703;
147,000000; -0,14847851;
148,000000; -0,29531894;
149,000000; -0,29531894;
150,000000; -0,29532460;
151,000000; -0,29532746;
152,000000; -0,19678554;
153,000000; -0,29532746;
154,000000; -0,29532746;
155,000000; -0,29532746;
156,000000; -0,29532746;
157,000000; -0,29532746;
158,000000; -0,29532746;
159,000000; -0,29532746;
160,000000; -0,29532746;
161,000000; -0,29532746;
162,000000; -0,29532746;
163,000000; -0,29532746;
164,000000; -0,29532746;
165,000000; -0,29532746;
166,000000; -0,29532746;
167,000000; -0,29532746;
168,000000; -0,29532746;
169,000000; -0,29532746;
170,000000; -0,29532746;
171,000000; -0,29532746;
172,000000; -0,29532746;
173,000000; -0,29532746;
174,000000; -0,29532746;
175,000000; -0,29532746;
176,000000; -0,29532746;
177,000000; -0,29532746;
178,000000; -0,29532746;
179,000000; -0,29532746;
180,000000; -0,29532746;
181,000000; -0,29532746;
182,000000; -0,29532746;
183,000000; -0,29532746;
184,000000; -0,29532746;
185,000000; -0,29532746;
186,000000; -0,29532746;
187,000000; -0,29514422;
188,000000; -0,29512601;
189,000000; -0,29512601;
190,000000; -0,29512601;
191,000000; -0,29512601;
192,000000; -0,29512601;
193,000000; -0,29512601;
194,000000; -0,29512601;
195,000000; -0,24982320;
196,000000; -0,29512601;
197,000000; -0,29512601;
198,000000; -0,29512601;
199,000000; -0,29512601;
200,000000; -0,29512601;
201,000000; -0,22057818;
202,000000; -0,29512601;
203,000000; -0,29512601;
204,000000; -0,29512601;
205,000000; -0,29512601;
206,000000; -0,29512601;
207,000000; -0,29512601;
208,000000; -0,29512601;
209,000000; -0,29512601;
210,000000; -0,29512601;
211,000000; -0,29512601;
212,000000; -0,29512601;
213,000000; -0,29512601;
214,000000; -0,29512601;
215,000000; -0,29512601;
216,000000; -0,29512601;
217,000000; -0,29512601;
218,000000; -0,29512601;
219,000000; -0,29512601;
220,000000; -0,29512601;
221,000000; -0,29512601;
222,000000; -0,29512601;
223,000000; -0,29512601;
224,000000; -0,29512601;
225,000000; -0,29512601;
226,000000; -0,29512601;
227,000000; -0,29512601;
228,000000; -0,29512601;
229,000000; -0,29512601;
230,000000; -0,29512601;
231,000000; -0,29512601;
232,000000; -0,29512601;
233,000000; -0,29512601;
234,000000; -0,29512601;
235,000000; -0,29512601;
236,000000; -0,29512601;
237,000000; -0,29512601;
238,000000; -0,29512601;
239,000000; -0,29512601;
240,000000; -0,29512601;
241,000000; -0,29512601;
242,000000; -0,29512601;
243,000000; -0,29512601;
244,000000; -0,29512601;
245,000000; -0,29512601;
246,000000; -0,29512601;
247,000000; -0,29512601;
248,000000; -0,29512601;
249,000000; -0,29512601;
250,000000; -0,29512601;
251,000000; -0,29512601;
252,000000; -0,29512601;
253,000000; -0,29512601;
254,000000; -0,29512601;
255,000000; -0,29512601;
256,000000; -0,29512601;
257,000000; -0,16331366;
258,000000; -0,29512601;
259,000000; -0,29512601;
260,000000; -0,29512601;
261,000000; -0,29512601;
262,000000; -0,29512601;
263,000000; -0,29512601;
264,000000; -0,29512601;
265,000000; -0,29512601;
266,000000; -0,29512601;
267,000000; -0,29512601;
268,000000; -0,29512601;
269,000000; -0,29512601;
270,000000; -0,29512601;
271,000000; -0,29512601;
272,000000; -0,29512601;
273,000000; -0,29512601;
274,000000; -0,29512601;
275,000000; -0,29512601;
276,000000; -0,29512601;
277,000000; -0,29512601;
278,000000; -0,29512601;
279,000000; -0,29512601;
280,000000; -0,29512601;
281,000000; -0,29512601;
282,000000; -0,29512601;
283,000000; -0,29512601;
284,000000; -0,29512601;
285,000000; -0,29512601;
286,000000; -0,29512601;
287,000000; -0,29512601;
288,000000; -0,29512601;
289,000000; -0,29512601;
290,000000; -0,29512601;
291,000000; -0,29512601;
292,000000; -0,29512601;
293,000000; -0,29512601;
294,000000; -0,29512601;
295,000000; -0,29512601;
296,000000; -0,29512601;
297,000000; -0,29512601;
298,000000; -0,29512601;
299,000000; -0,29512601;
300,000000; -0,29512601;
301,000000; -0,29512601;
302,000000; -0,29512601;
303,000000; -0,29512601;
304,000000; -0,29512601;
305,000000; -0,15096825;
306,000000; -0,29512601;
307,000000; -0,19304029;
308,000000; -0,29512601;
309,000000; -0,16497320;
310,000000; -0,29512601;
311,000000; -0,29512601;
312,000000; -0,29512601;
313,000000; -0,29512601;
314,000000; -0,29512601;
315,000000; -0,29512601;
316,000000; -0,29512601;
317,000000; -0,29512601;
318,000000; -0,29512601;
319,000000; -0,29512601;
320,000000; -0,29512601;
321,000000; -0,29512601;
322,000000; -0,23403400;
323,000000; -0,18360245;
324,000000; -0,29512601;
325,000000; -0,29512601;
326,000000; -0,29512601;
327,000000; -0,29512601;
328,000000; -0,29512601;
329,000000; -0,29512601;
330,000000; -0,29512601;
331,000000; -0,29512601;
332,000000; -0,29512601;
333,000000; -0,29512601;
334,000000; -0,29512601;
335,000000; -0,18136168;
336,000000; -0,29512601;
337,000000; -0,29512601;
338,000000; -0,29512601;
339,000000; -0,29512601;
340,000000; -0,29512601;
341,000000; -0,29512601;
342,000000; -0,29512601;
343,000000; -0,23785576;
344,000000; -0,21230319;
345,000000; -0,29512601;
346,000000; -0,29512601;
347,000000; -0,29512601;
348,000000; -0,16792359;
349,000000; -0,29512601;
350,000000; -0,29512601;
351,000000; -0,29512601;
352,000000; -0,29512601;
353,000000; -0,29512601;
354,000000; -0,29512601;
355,000000; -0,29512601;
356,000000; -0,29512601;
357,000000; -0,29512601;
358,000000; -0,29512601;
359,000000; -0,29512601;
360,000000; -0,29512601;
361,000000; -0,29512601;
362,000000; -0,29512601;
363,000000; -0,29512601;
364,000000; -0,29512601;
365,000000; -0,29512601;
366,000000; -0,29512601;
367,000000; -0,29512601;
368,000000; -0,29512601;
369,000000; -0,29512601;
370,000000; -0,29512601;
371,000000; -0,29512601;
372,000000; -0,14164394;
373,000000; -0,29512601;
374,000000; -0,29512601;
375,000000; -0,29512601;
376,000000; -0,29512601;
377,000000; -0,29512601;
378,000000; -0,29512601;
379,000000; -0,29512601;
380,000000; -0,29512601;
381,000000; -0,29512601;
382,000000; -0,29512601;
383,000000; -0,29512601;
384,000000; -0,29512601;
385,000000; -0,29512601;
386,000000; -0,29512601;
387,000000; -0,29512601;
388,000000; -0,29512601;
389,000000; -0,29512601;
390,000000; -0,29512601;
391,000000; -0,29512601;
392,000000; -0,29512601;
393,000000; -0,29512601;
394,000000; -0,29512601;
395,000000; -0,29512601;
396,000000; -0,20613134;
397,000000; -0,29512601;
398,000000; -0,29512601;
399,000000; -0,29512601;
400,000000; -0,29512601;
401,000000; -0,29512601;
402,000000; -0,29512601;
403,000000; -0,29512601;
404,000000; -0,29512601;
405,000000; -0,29512601;
406,000000; -0,29512601;
407,000000; -0,29512601;
408,000000; -0,29512601;
409,000000; -0,28328759;
410,000000; -0,23685448;
411,000000; -0,29512601;
412,000000; -0,29512601;
413,000000; -0,29512601;
414,000000; -0,29512601;
415,000000; -0,29512601;
416,000000; -0,29512601;
417,000000; -0,29512601;
418,000000; -0,29512601;
419,000000; -0,29512601;
420,000000; -0,29512601;
421,000000; -0,29512601;
422,000000; -0,29512601;
423,000000; -0,29512601;
424,000000; -0,29512601;
425,000000; -0,29512601;
426,000000; -0,29512601;
427,000000; -0,29512601;
428,000000; -0,29512601;
429,000000; -0,29512601;
430,000000; -0,29512601;
431,000000; -0,29512601;
432,000000; -0,29512601;
433,000000; -0,29512601;
434,000000; -0,29512601;
435,000000; -0,29512601;
436,000000; -0,29512601;
437,000000; -0,29512601;
438,000000; -0,29512601;
439,000000; -0,29512601;
440,000000; -0,29512601;
441,000000; -0,29512601;
442,000000; -0,29512601;
443,000000; -0,29512601;
444,000000; -0,29512601;
445,000000; -0,29512601;
446,000000; -0,27287982;
447,000000; -0,29512601;
448,000000; -0,29512601;
449,000000; -0,29512601;
450,000000; -0,29512601;
451,000000; -0,29512601;
452,000000; -0,29512601;
453,000000; -0,29512601;
454,000000; -0,29512601;
455,000000; -0,29512601;
456,000000; -0,29512601;
457,000000; -0,29512601;
458,000000; -0,29512601;
459,000000; -0,29512601;
460,000000; -0,29512601;
461,000000; -0,29512601;
462,000000; -0,29512601;
463,000000; -0,29512601;
464,000000; -0,29512601;
465,000000; -0,29512601;
466,000000; -0,29512601;
467,000000; -0,29512601;
468,000000; -0,29512601;
469,000000; -0,29512601;
470,000000; -0,29512601;
471,000000; -0,29512601;
472,000000; -0,29512601;
473,000000; -0,19477797;
474,000000; -0,29512601;
475,000000; -0,29512601;
476,000000; -0,29512601;
477,000000; -0,29512601;
478,000000; -0,29512601;
479,000000; -0,29512601;
480,000000; -0,29512601;
481,000000; -0,29512601;
482,000000; -0,29512601;
483,000000; -0,29512601;
484,000000; -0,23938974;
485,000000; -0,29512601;
486,000000; -0,29512601;
487,000000; -0,29512601;
488,000000; -0,29512601;
489,000000; -0,29512601;
490,000000; -0,17454351;
491,000000; -0,29512601;
492,000000; -0,29512601;
493,000000; -0,29512601;
494,000000; -0,29512601;
495,000000; -0,29512601;
496,000000; -0,29512601;
497,000000; -0,29512601;
498,000000; -0,29512601;
499,000000; -0,29512601;
500,000000; -0,29512601;
501,000000; -0,29512601;
502,000000; -0,29512601;
503,000000; -0,29512601;
504,000000; -0,29512601;
505,000000; -0,29512601;
506,000000; -0,29512601;
507,000000; -0,29512601;
508,000000; -0,29512601;
509,000000; -0,29512601;
510,000000; -0,29512601;
511,000000; -0,29512601;
512,000000; -0,29512601;
513,000000; -0,29512601;
514,000000; -0,29512601;
515,000000; -0,29512601;
516,000000; -0,29512601;
517,000000; -0,29512601;
518,000000; -0,29512601;
519,000000; -0,29512601;
520,000000; -0,29512601;
521,000000; -0,29512601;
522,000000; -0,29512601;
523,000000; -0,29512601;
524,000000; -0,20759198;
525,000000; -0,20759198;
526,000000; -0,20759198;
527,000000; -0,29512601;
528,000000; -0,27902163;
529,000000; -0,29512601;
530,000000; -0,28438861;
531,000000; -0,19485869;
532,000000; -0,19485869;
533,000000; -0,19485869;
534,000000; -0,19485869;
535,000000; -0,19485869;
536,000000; -0,19485869;
537,000000; -0,19485869;
538,000000; -0,19485869;
539,000000; -0,19485869;
540,000000; -0,15515723;
541,000000; -0,15170838;
542,000000; -0,15170838;
543,000000; -0,15170838;
544,000000; -0,15170838;
545,000000; -0,15170838;
546,000000; -0,15170838;
547,000000; -0,15170838;
548,000000; -0,15170838;
549,000000; -0,15170838;
550,000000; -0,15170838;
551,000000; -0,15170838;
552,000000; -0,15170838;
553,000000; -0,15170838;
554,000000; -0,15170838;
555,000000; -0,15170838;
556,000000; -0,15170838;
557,000000; -0,15170838;
558,000000; -0,15170838;
559,000000; -0,14683336;
560,000000; -0,15170838;
561,000000; -0,15170838;
562,000000; -0,13707501;
563,000000; -0,15169388;
564,000000; -0,15169388;
565,000000; -0,15169388;
566,000000; -0,15169388;
567,000000; -0,15169388;
568,000000; -0,15169388;
569,000000; -0,15169388;
570,000000; -0,15169388;
571,000000; -0,15169388;
572,000000; -0,15169388;
573,000000; -0,15169388;
574,000000; -0,15169388;
575,000000; -0,15169388;
576,000000; -0,13275920;
577,000000; -0,13275920;
578,000000; -0,15169388;
579,000000; -0,15169388;
580,000000; -0,15169388;
581,000000; -0,15169388;
582,000000; -0,15169388;
583,000000; -0,15169388;
584,000000; -0,08846759;
585,000000; -0,15169388;
586,000000; -0,15169388;
587,000000; -0,15169388;
588,000000; -0,15169388;
589,000000; -0,15169388;
590,000000; -0,15169388;
591,000000; -0,15169388;
592,000000; -0,15169388;
593,000000; -0,15168963;
594,000000; -0,15169129;
595,000000; -0,15169129;
596,000000; -0,15169129;
597,000000; -0,15169129;
598,000000; -0,15169129;
599,000000; -0,15169129;
600,000000; -0,15169129;
601,000000; -0,15169129;
602,000000; -0,15169129;
603,000000; -0,15169129;
604,000000; -0,15169129;
605,000000; -0,15169129;
606,000000; -0,15169129;
607,000000; -0,15169129;
608,000000; -0,15169129;
609,000000; -0,15169129;
610,000000; -0,15169129;
611,000000; -0,15169129;
612,000000; -0,15169129;
613,000000; -0,15169129;
614,000000; -0,15169129;
615,000000; -0,15169129;
616,000000; -0,15169129;
617,000000; -0,15169129;
618,000000; -0,15169129;
619,000000; -0,15169129;
620,000000; -0,15169129;
621,000000; -0,14874675;
622,000000; -0,14764286;
623,000000; -0,14764286;
624,000000; -0,14764286;
625,000000; -0,14764286;
626,000000; -0,14764286;
627,000000; -0,06402201;
628,000000; -0,14764286;
629,000000; -0,14764286;
630,000000; -0,14764286;
631,000000; -0,14764286;
632,000000; -0,14764286;
633,000000; -0,05719783;
634,000000; -0,14764286;
635,000000; -0,14764286;
636,000000; -0,14764286;
637,000000; -0,14764286;
638,000000; -0,14764286;
639,000000; -0,14764286;
640,000000; -0,14764286;
641,000000; -0,14764286;
642,000000; -0,14764286;
643,000000; -0,14764286;
644,000000; -0,14764286;
645,000000; -0,14764286;
646,000000; -0,14764286;
647,000000; -0,14764286;
648,000000; -0,14764286;
649,000000; -0,14764286;
650,000000; -0,14764286;
651,000000; -0,14764286;
652,000000; -0,14764286;
653,000000; -0,14764286;
654,000000; -0,14764286;
655,000000; -0,14764286;
656,000000; -0,13343021;
657,000000; -0,10011966;
658,000000; -0,10011966;
659,000000; -0,14764286;
660,000000; -0,14764286;
661,000000; -0,14764286;
662,000000; -0,14798647;
663,000000; -0,14798647;
664,000000; -0,14798647;
665,000000; -0,14777906;
666,000000; -0,14743856;
667,000000; -0,14743856;
668,000000; -0,14743856;
669,000000; -0,14743856;
670,000000; -0,14743856;
671,000000; -0,14743856;
672,000000; -0,14743856;
673,000000; -0,14743856;
674,000000; -0,14743856;
675,000000; -0,14743856;
676,000000; -0,14743856;
677,000000; -0,14743856;
678,000000; -0,14743856;
679,000000; -0,14743856;
680,000000; -0,14743856;
681,000000; -0,14743856;
682,000000; -0,14743856;
683,000000; -0,14743856;
684,000000; -0,14743856;
685,000000; -0,14743856;
686,000000; -0,14743856;
687,000000; -0,14743856;
688,000000; -0,14743856;
689,000000; -0,14743856;
690,000000; -0,14743856;
691,000000; -0,14743856;
692,000000; -0,14743856;
693,000000; -0,14743856;
694,000000; -0,14743856;
695,000000; -0,14743856;
696,000000; -0,14743856;
697,000000; -0,14743856;
698,000000; -0,14743856;
699,000000; -0,14743856;
700,000000; -0,14743856;
701,000000; -0,14743856;
702,000000; -0,14743856;
703,000000; -0,14743856;
704,000000; -0,14743856;
705,000000; -0,14743856;
706,000000; -0,14743856;
707,000000; -0,14743856;
708,000000; -0,14743856;
709,000000; -0,14743856;
710,000000; -0,14743856;
711,000000; -0,14743856;
712,000000; -0,14743856;
713,000000; -0,14743856;
714,000000; -0,14743856;
715,000000; -0,14743856;
716,000000; -0,14743856;
717,000000; -0,14743856;
718,000000; -0,14743856;
719,000000; -0,14743856;
720,000000; -0,14743856;
721,000000; -0,14743856;
722,000000; -0,14743856;
723,000000; -0,14743856;
724,000000; -0,14743856;
725,000000; -0,14743856;
726,000000; -0,14743856;
727,000000; -0,14743856;
728,000000; -0,14743856;
729,000000; -0,14743856;
730,000000; -0,14743856;
731,000000; -0,14743856;
732,000000; -0,14743856;
733,000000; -0,14743856;
734,000000; -0,14743856;
735,000000; -0,14743856;
736,000000; -0,14743856;
737,000000; -0,14743856;
738,000000; -0,14743856;
739,000000; -0,14743856;
740,000000; -0,14743856;
741,000000; -0,14743856;
742,000000; -0,14743856;
743,000000; -0,14743856;
744,000000; -0,14743856;
745,000000; -0,14743856;
746,000000; -0,14743856;
747,000000; -0,14743856;
748,000000; -0,14743856;
749,000000; -0,14743856;
750,000000; -0,14743856;
751,000000; -0,14743856;
752,000000; -0,14743856;
753,000000; -0,14743856;
754,000000; -0,14743856;
755,000000; -0,14743856;
756,000000; -0,14743856;
757,000000; -0,14743856;
758,000000; -0,14743856;
759,000000; -0,14743856;
760,000000; -0,14743856;
761,000000; -0,14743856;
762,000000; -0,14743856;
763,000000; -0,14743856;
764,000000; -0,14743856;
765,000000; -0,14743856;
766,000000; -0,14743856;
767,000000; -0,14743856;
768,000000; -0,14743856;
769,000000; -0,14743856;
770,000000; -0,14743856;
771,000000; -0,14743856;
772,000000; -0,14743856;
773,000000; -0,14743856;
774,000000; -0,10324497;
775,000000; -0,14743856;
776,000000; -0,14743856;
777,000000; -0,14743856;
778,000000; -0,14743856;
779,000000; -0,14743856;
780,000000; -0,14743856;
781,000000; -0,14743856;
782,000000; -0,14743856;
783,000000; -0,14743856;
784,000000; -0,14743856;
785,000000; -0,14743856;
786,000000; -0,14743856;
787,000000; -0,14743856;
788,000000; -0,14743856;
789,000000; -0,14743856;
790,000000; -0,13558508;
791,000000; -0,13558508;
792,000000; -0,14743856;
793,000000; -0,14249307;
794,000000; -0,14249307;
795,000000; -0,14743856;
796,000000; -0,14743856;
797,000000; -0,14743856;
798,000000; -0,14743856;
799,000000; -0,14743856;
800,000000; -0,14743856;
801,000000; -0,14743856;
802,000000; -0,14743856;
803,000000; -0,14743856;
804,000000; -0,14743856;
805,000000; -0,14743856;
806,000000; -0,14743856;
807,000000; -0,14743856;
808,000000; -0,14743856;
809,000000; -0,14743856;
810,000000; -0,14743856;
811,000000; -0,14743856;
812,000000; -0,14743856;
813,000000; -0,14743856;
814,000000; -0,14743856;
815,000000; -0,14743856;
816,000000; -0,14743856;
817,000000; -0,14743856;
818,000000; -0,14743856;
819,000000; -0,14743856;
820,000000; -0,14743856;
821,000000; -0,14743856;
822,000000; -0,14743856;
823,000000; -0,14743856;
824,000000; -0,14743856;
825,000000; -0,14743856;
826,000000; -0,14743856;
827,000000; -0,14743856;
828,000000; -0,14743856;
829,000000; -0,14743856;
830,000000; -0,14743856;
831,000000; -0,14743856;
832,000000; -0,14743856;
833,000000; -0,14743856;
834,000000; -0,14743856;
835,000000; -0,14743856;
836,000000; -0,14743856;
837,000000; -0,14743856;
838,000000; -0,14743856;
839,000000; -0,14743856;
840,000000; -0,14743856;
841,000000; -0,14743856;
842,000000; -0,14743856;
843,000000; -0,14743856;
844,000000; -0,14743856;
845,000000; -0,14743856;
846,000000; -0,14743596;
847,000000; -0,14743596;
848,000000; -0,14743624;
849,000000; -0,14743624;
850,000000; -0,14743635;
851,000000; -0,14743635;
852,000000; -0,14743635;
853,000000; -0,14743635;
854,000000; -0,14743635;
855,000000; -0,14743635;
856,000000; -0,14743635;
857,000000; -0,14743635;
858,000000; -0,14743635;
859,000000; -0,14743635;
860,000000; -0,14743635;
861,000000; -0,14743635;
862,000000; -0,12367071;
863,000000; -0,14743635;
864,000000; -0,14743635;
865,000000; -0,14743635;
866,000000; -0,14743635;
867,000000; -0,14743635;
868,000000; -0,14743635;
869,000000; -0,14743635;
870,000000; -0,14743635;
871,000000; -0,14743635;
872,000000; -0,14743635;
873,000000; -0,14743635;
874,000000; -0,14743635;
875,000000; -0,14743635;
876,000000; -0,14743635;
877,000000; -0,14743635;
878,000000; -0,14743635;
879,000000; -0,14743635;
880,000000; -0,14743635;
881,000000; -0,14743635;
882,000000; -0,14743635;
883,000000; -0,14743635;
884,000000; -0,14743635;
885,000000; -0,14743635;
886,000000; -0,14743635;
887,000000; -0,14743635;
888,000000; -0,14743635;
889,000000; -0,14743635;
890,000000; -0,14743635;
891,000000; -0,14743635;
892,000000; -0,14743635;
893,000000; -0,14743635;
894,000000; -0,14743635;
895,000000; -0,14743635;
896,000000; -0,14743635;
897,000000; -0,14743635;
898,000000; -0,05742775;
899,000000; -0,05742775;
900,000000; -0,14743635;
901,000000; -0,14743635;
902,000000; -0,14743635;
903,000000; -0,14743635;
904,000000; -0,14743635;
905,000000; -0,14743635;
906,000000; -0,14743635;
907,000000; -0,14743635;
908,000000; -0,14743635;
909,000000; -0,14743635;
910,000000; -0,14743635;
911,000000; -0,14743635;
912,000000; -0,14743635;
913,000000; -0,14743635;
914,000000; -0,14743635;
915,000000; -0,14743635;
916,000000; -0,14743635;
917,000000; -0,14743635;
918,000000; -0,14743635;
919,000000; -0,14743635;
920,000000; -0,14743635;
921,000000; -0,14743635;
922,000000; -0,14743635;
923,000000; -0,14743635;
924,000000; -0,14743635;
925,000000; -0,14743635;
926,000000; -0,14743635;
927,000000; -0,14743635;
928,000000; -0,14743635;
929,000000; -0,14743635;
930,000000; -0,14743635;
931,000000; -0,14743635;
932,000000; -0,14743635;
933,000000; -0,14743635;
934,000000; -0,14743635;
935,000000; -0,14743635;
936,000000; -0,14743635;
937,000000; -0,14743635;
938,000000; -0,14743635;
939,000000; -0,14743635;
940,000000; -0,14743635;
941,000000; -0,14743635;
942,000000; -0,14743635;
943,000000; -0,14743635;
944,000000; -0,14743635;
945,000000; -0,14743635;
946,000000; -0,14743635;
947,000000; -0,14743635;
948,000000; -0,14743635;
949,000000; -0,14743635;
950,000000; -0,14743635;
951,000000; -0,14743635;
952,000000; -0,14743635;
953,000000; -0,09872725;
954,000000; -0,14743635;
955,000000; -0,14743635;
956,000000; -0,14743635;
957,000000; -0,14743635;
958,000000; -0,14743635;
959,000000; -0,14743635;
960,000000; -0,14743635;
961,000000; -0,14743635;
962,000000; -0,14743635;
963,000000; -0,14743635;
964,000000; -0,14743635;
965,000000; -0,14743635;
966,000000; -0,14743635;
967,000000; -0,14743635;
968,000000; -0,14743635;
969,000000; -0,14743635;
970,000000; -0,14743635;
971,000000; -0,14743635;
972,000000; -0,14743635;
973,000000; -0,14743635;
974,000000; -0,14743635;
975,000000; -0,14743635;
976,000000; -0,14743635;
977,000000; -0,14743635;
978,000000; -0,14743635;
979,000000; -0,14743635;
980,000000; -0,14743635;
981,000000; -0,14743635;
982,000000; -0,14743635;
983,000000; -0,14743635;
984,000000; -0,14743635;
985,000000; -0,14743635;
986,000000; -0,14743635;
987,000000; -0,14743635;
988,000000; -0,14743635;
989,000000; -0,14743635;
990,000000; -0,14743635;
991,000000; -0,14743635;
992,000000; -0,14743635;
993,000000; -0,14743635;
994,000000; -0,14743635;
995,000000; -0,14743635;
996,000000; -0,14743635;
997,000000; -0,14743635;
998,000000; -0,14743635;
999,000000; -0,14743635;
1000,000000; -0,14743635;
1001,000000; -0,14743635;
1002,000000; -0,14743635;
1003,000000; -0,14743635;
1004,000000; -0,14743635;
1005,000000; -0,14743635;
1006,000000; -0,14743635;
1007,000000; -0,14743635;
1008,000000; -0,14743635;
1009,000000; -0,14743635;
1010,000000; -0,14743635;
1011,000000; -0,14743635;
1012,000000; -0,14743635;
1013,000000; -0,14743635;
1014,000000; -0,14743635;
1015,000000; -0,14743635;
1016,000000; -0,14743635;
1017,000000; -0,14743635;
1018,000000; -0,14743635;
1019,000000; -0,14743635;
1020,000000; -0,14743635;
1021,000000; -0,14743635;
1022,000000; -0,14743635;
1023,000000; -0,14743635;
1024,000000; -0,14743635;
1025,000000; -0,14743635;
1026,000000; -0,14743635;
1027,000000; -0,14743635;
1028,000000; -0,14743635;
1029,000000; -0,09867306;
1030,000000; -0,14743635;
1031,000000; -0,14743635;
1032,000000; -0,14743635;
1033,000000; -0,14743635;
1034,000000; -0,14743635;
1035,000000; -0,14743635;
1036,000000; -0,14743635;
1037,000000; -0,14743635;
1038,000000; -0,14743635;
1039,000000; -0,14743635;
1040,000000; -0,10730398;
1041,000000; -0,14743635;
1042,000000; -0,14743635;
1043,000000; -0,14743635;
1044,000000; -0,14743635;
1045,000000; -0,14743635;
1046,000000; -0,14743635;
1047,000000; -0,14743635;
1048,000000; -0,14743635;
1049,000000; -0,14743635;
1050,000000; -0,14743635;
1051,000000; -0,14743635;
1052,000000; -0,14743635;
1053,000000; -0,14743635;
1054,000000; -0,14743635;
1055,000000; -0,14743635;
1056,000000; -0,13227380;
1057,000000; -0,14743635;
1058,000000; -0,14743635;
1059,000000; -0,14743635;
1060,000000; -0,14743635;
1061,000000; -0,14743635;
1062,000000; -0,14743635;
1063,000000; -0,14743635;
1064,000000; -0,14743635;
1065,000000; -0,14743635;
1066,000000; -0,14743635;
1067,000000; -0,14743635;
1068,000000; -0,14743635;
1069,000000; -0,14743635;
1070,000000; -0,14743635;
1071,000000; -0,14743635;
1072,000000; -0,14743635;
1073,000000; -0,14743635;
1074,000000; -0,14743635;
1075,000000; -0,14743635;
1076,000000; -0,14743635;
1077,000000; -0,14743635;
1078,000000; -0,14743635;
1079,000000; -0,14743635;
1080,000000; -0,14743635;
1081,000000; -0,14743635;
1082,000000; -0,14743635;
1083,000000; -0,14743635;
1084,000000; -0,14743635;
1085,000000; -0,14743635;
1086,000000; -0,14743635;
1087,000000; -0,14743635;
1088,000000; -0,14743635;
1089,000000; -0,14743635;
1090,000000; -0,14743635;
1091,000000; -0,14743635;
1092,000000; -0,14743635;
1093,000000; -0,14743635;
1094,000000; -0,14743635;
1095,000000; -0,14743635;
1096,000000; -0,14743635;
1097,000000; -0,14743635;
1098,000000; -0,14743635;
1099,000000; -0,14743635;
1100,000000; -0,14743635;
1101,000000; -0,14743635;
1102,000000; -0,14743635;
1103,000000; -0,14743635;
1104,000000; -0,14743635;
1105,000000; -0,14743635;
1106,000000; -0,14743635;
1107,000000; -0,14743635;
1108,000000; -0,14743635;
1109,000000; -0,14743635;
1110,000000; -0,14743635;
1111,000000; -0,14743635;
1112,000000; -0,14743635;
1113,000000; -0,14743635;
1114,000000; -0,14743635;
1115,000000; -0,14743635;
1116,000000; -0,14743635;
1117,000000; -0,14743635;
1118,000000; -0,14743635;
1119,000000; -0,14743635;
1120,000000; -0,14743635;
1121,000000; -0,14743635;
1122,000000; -0,14743635;
1123,000000; -0,14743635;
1124,000000; -0,14743635;
1125,000000; -0,14743635;
1126,000000; -0,14743635;
1127,000000; -0,14743635;
1128,000000; -0,14743635;
1129,000000; -0,14743635;
1130,000000; -0,14743635;
1131,000000; -0,14743635;
1132,000000; -0,14743635;
1133,000000; -0,14743635;
1134,000000; -0,14743635;
1135,000000; -0,14743635;
1136,000000; -0,14743635;
1137,000000; -0,14743635;
1138,000000; -0,14743635;
1139,000000; -0,14743635;
1140,000000; -0,14743635;
1141,000000; -0,14743635;
1142,000000; -0,14743635;
1143,000000; -0,14743635;
1144,000000; -0,14743635;
1145,000000; -0,14743635;
1146,000000; -0,14743635;
1147,000000; -0,14743635;
1148,000000; -0,14743635;
1149,000000; -0,14743635;
1150,000000; -0,14743635;
1151,000000; -0,14743635;
1152,000000; -0,10431586;
1153,000000; -0,14743635;
1154,000000; -0,14743635;
1155,000000; -0,14743635;
1156,000000; -0,14743635;
1157,000000; -0,14743635;
1158,000000; -0,14743635;
1159,000000; -0,14743635;
1160,000000; -0,14743635;
1161,000000; -0,14743635;
1162,000000; -0,14743635;
1163,000000; -0,14743635;
1164,000000; -0,14743635;
1165,000000; -0,14743629;
1166,000000; -0,14743592;
1167,000000; -0,13436692;
1168,000000; -0,14743592;
1169,000000; -0,14743592;
1170,000000; -0,14743592;
1171,000000; -0,05576204;
1172,000000; -0,14743592;
1173,000000; -0,14743592;
1174,000000; -0,14743592;
1175,000000; -0,14743592;
1176,000000; -0,14743592;
1177,000000; -0,14743592;
1178,000000; -0,14743592;
1179,000000; -0,14743592;
1180,000000; -0,14743592;
1181,000000; -0,14743592;
1182,000000; -0,14743592;
1183,000000; -0,14743592;
1184,000000; -0,14743592;
1185,000000; -0,14743592;
1186,000000; -0,14743592;
1187,000000; -0,14743592;
1188,000000; -0,14743592;
1189,000000; -0,14743592;
1190,000000; -0,14743592;
1191,000000; -0,14743592;
1192,000000; -0,14743592;
1193,000000; -0,14743592;
1194,000000; -0,14743592;
1195,000000; -0,14743592;
1196,000000; -0,14743592;
1197,000000; -0,14743592;
1198,000000; -0,14743592;
1199,000000; -0,14743592;
1200,000000; -0,14743592;
1201,000000; -0,14743592;
1202,000000; -0,14743592;
1203,000000; -0,14743592;
1204,000000; -0,14743592;
1205,000000; -0,14743592;
1206,000000; -0,14743592;
1207,000000; -0,14743592;
1208,000000; -0,10634194;
1209,000000; -0,14743592;
1210,000000; -0,14743592;
1211,000000; -0,14743592;
1212,000000; -0,14743592;
1213,000000; -0,14743592;
1214,000000; -0,14743592;
1215,000000; -0,14743592;
1216,000000; -0,14743592;
1217,000000; -0,14743592;
1218,000000; -0,14743592;
1219,000000; -0,14743592;
1220,000000; -0,14743592;
1221,000000; -0,14743592;
1222,000000; -0,14743592;
1223,000000; -0,14743592;
1224,000000; -0,14743592;
1225,000000; -0,14743592;
1226,000000; -0,14743592;
1227,000000; -0,14743592;
1228,000000; -0,14743592;
1229,000000; -0,14743592;
1230,000000; -0,14743592;
1231,000000; -0,06107604;
1232,000000; -0,14743592;
1233,000000; -0,14743592;
1234,000000; -0,14743592;
1235,000000; -0,14743592;
1236,000000; -0,14743592;
1237,000000; -0,14743592;
1238,000000; -0,14743592;
1239,000000; -0,14743592;
1240,000000; -0,14743592;
1241,000000; -0,14743592;
1242,000000; -0,14743592;
1243,000000; -0,14743592;
1244,000000; -0,14743592;
1245,000000; -0,14743592;
1246,000000; -0,14743592;
1247,000000; -0,14743592;
1248,000000; -0,14743592;
1249,000000; -0,14743592;
1250,000000; -0,14743592;
1251,000000; -0,14743592;
1252,000000; -0,14743592;
1253,000000; -0,14743592;
1254,000000; -0,14743592;
1255,000000; -0,14743592;
1256,000000; -0,14743592;
1257,000000; -0,14743592;
1258,000000; -0,14743592;
1259,000000; -0,14743592;
1260,000000; -0,14743592;
1261,000000; -0,14743592;
1262,000000; -0,14743592;
1263,000000; -0,14743592;
1264,000000; -0,14743592;
1265,000000; -0,14743592;
1266,000000; -0,14743592;
1267,000000; -0,14743592;
1268,000000; -0,14743592;
1269,000000; -0,14743592;
1270,000000; -0,14743592;
1271,000000; -0,14743592;
1272,000000; -0,14743592;
1273,000000; -0,14743592;
1274,000000; -0,14743592;
1275,000000; -0,14743592;
1276,000000; -0,14743592;
1277,000000; -0,14743592;
1278,000000; -0,14743592;
1279,000000; -0,14743592;
1280,000000; -0,14743592;
1281,000000; -0,14743592;
1282,000000; -0,14743592;
1283,000000; -0,14743592;
1284,000000; -0,14743592;
1285,000000; -0,14743592;
1286,000000; -0,14743592;
1287,000000; -0,14743592;
1288,000000; -0,14743592;
1289,000000; -0,14743592;
1290,000000; -0,14743592;
1291,000000; -0,14743592;
1292,000000; -0,14743592;
1293,000000; -0,14743592;
1294,000000; -0,14743592;
1295,000000; -0,10841801;
1296,000000; -0,14743592;
1297,000000; -0,14743592;
1298,000000; -0,14743592;
1299,000000; -0,14743592;
1300,000000; -0,14743592;
1301,000000; -0,14743592;
1302,000000; -0,14743592;
1303,000000; -0,14743592;
1304,000000; -0,14743592;
1305,000000; -0,14743592;
1306,000000; -0,14743592;
1307,000000; -0,14743592;
1308,000000; -0,14743592;
1309,000000; -0,14743592;
1310,000000; -0,14743592;
1311,000000; -0,14743592;
1312,000000; -0,14743592;
1313,000000; -0,14743592;
1314,000000; -0,14743592;
1315,000000; -0,14743592;
1316,000000; -0,14743592;
1317,000000; -0,14743592;
1318,000000; -0,14743592;
1319,000000; -0,14743592;
1320,000000; -0,14743592;
1321,000000; -0,14743592;
1322,000000; -0,05532283;
1323,000000; -0,14743592;
1324,000000; -0,14743592;
1325,000000; -0,14743592;
1326,000000; -0,14743592;
1327,000000; -0,14743592;
1328,000000; -0,14743592;
1329,000000; -0,14743592;
1330,000000; -0,14743592;
1331,000000; -0,14743592;
1332,000000; -0,14743592;
1333,000000; -0,14743592;
1334,000000; -0,14743592;
1335,000000; -0,14743592;
1336,000000; -0,14743592;
1337,000000; -0,14743592;
1338,000000; -0,14743592;
1339,000000; -0,14743592;
1340,000000; -0,12041473;
1341,000000; -0,14743592;
1342,000000; -0,14743592;
1343,000000; -0,14743592;
1344,000000; -0,14743592;
1345,000000; -0,14743592;
1346,000000; -0,14743592;
1347,000000; -0,14743592;
1348,000000; -0,14743592;
1349,000000; -0,14743592;
1350,000000; -0,14743592;
1351,000000; -0,14743592;
1352,000000; -0,14743592;
1353,000000; -0,14743592;
1354,000000; -0,14743592;
1355,000000; -0,14743592;
1356,000000; -0,14743592;
1357,000000; -0,14743592;
1358,000000; -0,14743592;
1359,000000; -0,14743592;
1360,000000; -0,14743592;
1361,000000; -0,14743592;
1362,000000; -0,14743592;
1363,000000; -0,14743592;
1364,000000; -0,08456967;
1365,000000; -0,13778175;
1366,000000; -0,13778175;
1367,000000; -0,14743592;
1368,000000; -0,14743592;
1369,000000; -0,14743592;
1370,000000; -0,11004674;
1371,000000; -0,11004674;
1372,000000; -0,14743592;
1373,000000; -0,14743592;
1374,000000; -0,14743592;
1375,000000; -0,14743592;
1376,000000; -0,14743592;
1377,000000; -0,14743592;
1378,000000; -0,14743592;
1379,000000; -0,14743592;
1380,000000; -0,14743592;
1381,000000; -0,14743592;
1382,000000; -0,14743592;
1383,000000; -0,14743592;
1384,000000; -0,14743592;
1385,000000; -0,14743592;
1386,000000; -0,14743592;
1387,000000; -0,14743592;
1388,000000; -0,14743592;
1389,000000; -0,14743592;
1390,000000; -0,14743592;
1391,000000; -0,14743592;
1392,000000; -0,14743592;
1393,000000; -0,14743592;
1394,000000; -0,14743592;
1395,000000; -0,14743592;
1396,000000; -0,08922929;
1397,000000; -0,14743592;
1398,000000; -0,14743592;
1399,000000; -0,14743592;
1400,000000; -0,14743592;
1401,000000; -0,14743592;
1402,000000; -0,14743592;
1403,000000; -0,14743592;
1404,000000; -0,14743592;
1405,000000; -0,14743592;
1406,000000; -0,14743592;
1407,000000; -0,06616260;
1408,000000; -0,06616260;
1409,000000; -0,06616260;
1410,000000; -0,14743592;
1411,000000; -0,14743592;
1412,000000; -0,14743592;
1413,000000; -0,14743592;
1414,000000; -0,14743592;
1415,000000; -0,14743592;
1416,000000; -0,13698349;
1417,000000; -0,14743592;
1418,000000; -0,14743592;
1419,000000; -0,14743592;
1420,000000; -0,14743592;
1421,000000; -0,14743592;
1422,000000; -0,14743592;
1423,000000; -0,14743592;
1424,000000; -0,14743592;
1425,000000; -0,14743592;
1426,000000; -0,14743592;
1427,000000; -0,14743592;
1428,000000; -0,13595191;
1429,000000; -0,14743592;
1430,000000; -0,14743592;
1431,000000; -0,14743592;
1432,000000; -0,14743592;
1433,000000; -0,14743592;
1434,000000; -0,14743592;
1435,000000; -0,14743592;
1436,000000; -0,14743592;
1437,000000; -0,14743592;
1438,000000; -0,14743592;
1439,000000; -0,14743592;
1440,000000; -0,14743592;
1441,000000; -0,14743592;
1442,000000; -0,14743592;
1443,000000; -0,14743592;
1444,000000; -0,14743592;
1445,000000; -0,14743592;
1446,000000; -0,14743592;
1447,000000; -0,14743592;
1448,000000; -0,14743592;
1449,000000; -0,14743592;
1450,000000; -0,14743592;
1451,000000; -0,14743592;
1452,000000; -0,14743592;
1453,000000; -0,14743592;
1454,000000; -0,05512647;
1455,000000; -0,14743592;
1456,000000; -0,14743592;
1457,000000; -0,14743592;
1458,000000; -0,14743592;
1459,000000; -0,14743592;
1460,000000; -0,14743592;
1461,000000; -0,14743592;
1462,000000; -0,14743592;
1463,000000; -0,14743592;
1464,000000; -0,14743592;
1465,000000; -0,14743592;
1466,000000; -0,14743592;
1467,000000; -0,14743592;
1468,000000; -0,14743592;
1469,000000; -0,14743592;
1470,000000; -0,14743592;
1471,000000; -0,14743592;
1472,000000; -0,14743592;
1473,000000; -0,14743592;
1474,000000; -0,14743592;
1475,000000; -0,14743592;
1476,000000; -0,04335399;
1477,000000; -0,04335399;
1478,000000; -0,14743592;
1479,000000; -0,14743592;
1480,000000; -0,14743592;
1481,000000; -0,14743592;
1482,000000; -0,14743592;
1483,000000; -0,14743592;
1484,000000; -0,14743592;
1485,000000; -0,14743592;
1486,000000; -0,14743592;
1487,000000; -0,14743592;
1488,000000; -0,14743592;
1489,000000; -0,14743592;
1490,000000; -0,14743592;
1491,000000; -0,14743592;
1492,000000; -0,14743592;
1493,000000; -0,14743592;
1494,000000; -0,14743592;
1495,000000; -0,14743592;
1496,000000; -0,14743592;
1497,000000; -0,14743592;
1498,000000; -0,14743592;
1499,000000; -0,14743592;
1500,000000; -0,14743592;
1501,000000; -0,14743592;
1502,000000; -0,14743592;
1503,000000; -0,14743592;
1504,000000; -0,14743592;
1505,000000; -0,14743592;
1506,000000; -0,14743363;
1507,000000; -0,14742994;
1508,000000; -0,14742994;
1509,000000; -0,14742994;
1510,000000; -0,14742994;
1511,000000; -0,14742994;
1512,000000; -0,14742994;
1513,000000; -0,14742994;
1514,000000; -0,14742994;
1515,000000; -0,14742994;
1516,000000; -0,14742994;
1517,000000; -0,14742994;
1518,000000; -0,14742994;
1519,000000; -0,14742994;
1520,000000; -0,14742994;
1521,000000; -0,05037436;
1522,000000; -0,14742994;
1523,000000; -0,14742994;
1524,000000; -0,14742994;
1525,000000; -0,14742994;
1526,000000; -0,14742994;
1527,000000; -0,14742994;
1528,000000; -0,14742994;
1529,000000; -0,14742994;
1530,000000; -0,14742994;
1531,000000; -0,14742994;
1532,000000; -0,14742994;
1533,000000; -0,14742994;
1534,000000; -0,14742994;
1535,000000; -0,14742994;
1536,000000; -0,14742994;
1537,000000; -0,14742994;
1538,000000; -0,14742994;
1539,000000; -0,14742994;
1540,000000; -0,14742994;
1541,000000; -0,14742994;
1542,000000; -0,14742994;
1543,000000; -0,09794140;
1544,000000; -0,14742994;
1545,000000; -0,14742994;
1546,000000; -0,14742994;
1547,000000; -0,14742994;
1548,000000; -0,14742994;
1549,000000; -0,14742994;
1550,000000; -0,14742994;
1551,000000; -0,14742994;
1552,000000; -0,14742994;
1553,000000; -0,14742994;
1554,000000; -0,14742994;
1555,000000; -0,14742994;
1556,000000; -0,14742994;
1557,000000; -0,14742994;
1558,000000; -0,14742994;
1559,000000; -0,14742994;
1560,000000; -0,14742994;
1561,000000; -0,14742994;
1562,000000; -0,14742994;
1563,000000; -0,14742994;
1564,000000; -0,14742994;
1565,000000; -0,14742994;
1566,000000; -0,14742994;
1567,000000; -0,14742994;
1568,000000; -0,14742994;
1569,000000; -0,14742994;
1570,000000; -0,14742994;
1571,000000; -0,14742994;
1572,000000; -0,14742994;
1573,000000; -0,14742994;
1574,000000; -0,14742994;
1575,000000; -0,14742994;
1576,000000; -0,14742994;
1577,000000; -0,14742994;
1578,000000; -0,14742994;
1579,000000; -0,14742994;
1580,000000; -0,14742994;
1581,000000; -0,14742994;
1582,000000; -0,14742994;
1583,000000; -0,14742994;
1584,000000; -0,14742994;
1585,000000; -0,14742994;
1586,000000; -0,14742994;
1587,000000; -0,14742994;
1588,000000; -0,14587624;
1589,000000; -0,14742994;
1590,000000; -0,14742994;
1591,000000; -0,14742994;
1592,000000; -0,14742994;
1593,000000; -0,14742994;
1594,000000; -0,14742994;
1595,000000; -0,14742994;
1596,000000; -0,14742994;
1597,000000; -0,14742994;
1598,000000; -0,14742994;
1599,000000; -0,14742994;
1600,000000; -0,10109341;
1601,000000; -0,05281577;
1602,000000; -0,05281577;
1603,000000; -0,14742994;
1604,000000; -0,14742994;
1605,000000; -0,14742994;
1606,000000; -0,14742994;
1607,000000; -0,14742994;
1608,000000; -0,14742994;
1609,000000; -0,14742994;
1610,000000; -0,14742994;
1611,000000; -0,14742994;
1612,000000; -0,14742994;
1613,000000; -0,12745241;
1614,000000; -0,12745241;
1615,000000; -0,06133551;
1616,000000; -0,04447499;
1617,000000; -0,04447499;
1618,000000; -0,14906036;
1619,000000; -0,15113892;
1620,000000; -0,15113892;
1621,000000; -0,15113892;
1622,000000; -0,15113892;
1623,000000; -0,15113892;
1624,000000; -0,15113892;
1625,000000; -0,15113892;
1626,000000; -0,15113892;
1627,000000; -0,15113892;
1628,000000; -0,15113892;
1629,000000; -0,15113892;
1630,000000; -0,15113892;
1631,000000; -0,15113892;
1632,000000; -0,15113892;
1633,000000; -0,15113892;
1634,000000; -0,15113892;
1635,000000; -0,15113892;
1636,000000; -0,15113892;
1637,000000; -0,15113892;
1638,000000; -0,15113892;
1639,000000; -0,15113892;
1640,000000; -0,15113892;
1641,000000; -0,15113892;
1642,000000; -0,15113892;
1643,000000; -0,15113892;
1644,000000; -0,15113892;
1645,000000; -0,15113892;
1646,000000; -0,15113892;
1647,000000; -0,15113892;
1648,000000; -0,15113892;
1649,000000; -0,15113892;
1650,000000; -0,15113892;
1651,000000; -0,15113892;
1652,000000; -0,15113892;
1653,000000; -0,15113892;
1654,000000; -0,15113892;
1655,000000; -0,15113892;
1656,000000; -0,15113892;
1657,000000; -0,15113892;
1658,000000; -0,15113892;
1659,000000; -0,15113892;
1660,000000; -0,15113892;
1661,000000; -0,15113892;
1662,000000; -0,14529399;
1663,000000; -0,14529399;
1664,000000; -0,15113892;
1665,000000; -0,14200527;
1666,000000; -0,14858150;
1667,000000; -0,14858150;
1668,000000; -0,14902489;
1669,000000; -0,14902489;
1670,000000; -0,14902489;
1671,000000; -0,14902489;
1672,000000; -0,14902489;
1673,000000; -0,14902489;
1674,000000; -0,14902489;
1675,000000; -0,14902489;
1676,000000; -0,14902489;
1677,000000; -0,14853020;
1678,000000; -0,14872784;
1679,000000; -0,14872784;
1680,000000; -0,14872784;
1681,000000; -0,14872784;
1682,000000; -0,14872784;
1683,000000; -0,14872784;
1684,000000; -0,14872784;
1685,000000; -0,14872784;
1686,000000; -0,14872784;
1687,000000; -0,14872784;
1688,000000; -0,14872784;
1689,000000; -0,14872784;
1690,000000; -0,14872784;
1691,000000; -0,14872784;
1692,000000; -0,14872784;
1693,000000; -0,14872784;
1694,000000; -0,14872784;
1695,000000; -0,14872784;
1696,000000; -0,14872784;
1697,000000; -0,14872784;
1698,000000; -0,14872784;
1699,000000; -0,14872784;
1700,000000; -0,14872784;
1701,000000; -0,14872784;
1702,000000; -0,14872784;
1703,000000; -0,14872784;
1704,000000; -0,14872784;
1705,000000; -0,05806558;
1706,000000; -0,14872784;
1707,000000; -0,14872784;
1708,000000; -0,14872784;
1709,000000; -0,14872784;
1710,000000; -0,14872784;
1711,000000; -0,14872784;
1712,000000; -0,14872784;
1713,000000; -0,14872784;
1714,000000; -0,14872784;
1715,000000; -0,14872784;
1716,000000; -0,14872784;
1717,000000; -0,14872784;
1718,000000; -0,14872784;
1719,000000; -0,14872784;
1720,000000; -0,14872784;
1721,000000; -0,14872784;
1722,000000; -0,14872784;
1723,000000; -0,14872784;
1724,000000; -0,14872784;
1725,000000; -0,14829941;
1726,000000; -0,14829941;
1727,000000; -0,14839521;
1728,000000; -0,14839521;
1729,000000; -0,14839521;
1730,000000; -0,14839521;
1731,000000; -0,14839521;
1732,000000; -0,14839521;
1733,000000; -0,14839521;
1734,000000; -0,14839521;
1735,000000; -0,14839521;
1736,000000; -0,14839521;
1737,000000; -0,14839521;
1738,000000; -0,14839521;
1739,000000; -0,14839521;
1740,000000; -0,14839521;
1741,000000; -0,14839521;
1742,000000; -0,14835654;
1743,000000; -0,14835654;
1744,000000; -0,14780247;
1745,000000; -0,14780247;
1746,000000; -0,14788909;
1747,000000; -0,12404046;
1748,000000; -0,14788909;
1749,000000; -0,08436690;
1750,000000; -0,11836052;
1751,000000; -0,14790246;
1752,000000; -0,14790246;
1753,000000; -0,15244307;
1754,000000; -0,15244307;
1755,000000; -0,15244307;
1756,000000; -0,15244307;
1757,000000; -0,15244307;
1758,000000; -0,15244307;
1759,000000; -0,06082761;
1760,000000; -0,15244307;
1761,000000; -0,15244307;
1762,000000; -0,15244307;
1763,000000; -0,15244307;
1764,000000; -0,15244307;
1765,000000; -0,15244307;
1766,000000; -0,15244307;
1767,000000; -0,15244307;
1768,000000; -0,15244307;
1769,000000; -0,15219358;
1770,000000; -0,15219358;
1771,000000; -0,15219358;
1772,000000; -0,15222452;
1773,000000; -0,15222452;
1774,000000; -0,15222986;
1775,000000; -0,15222986;
1776,000000; -0,15222986;
1777,000000; -0,15222986;
1778,000000; -0,15222986;
1779,000000; -0,15222986;
1780,000000; -0,15222986;
1781,000000; -0,15222986;
1782,000000; -0,15222986;
1783,000000; -0,15222986;
1784,000000; -0,15222986;
1785,000000; -0,10771331;
1786,000000; -0,15222986;
1787,000000; -0,15222986;
1788,000000; -0,15222986;
1789,000000; -0,15222986;
1790,000000; -0,15222986;
1791,000000; -0,15222986;
1792,000000; -0,15222986;
1793,000000; -0,14036687;
1794,000000; -0,15222986;
1795,000000; -0,15222986;
1796,000000; -0,15222986;
1797,000000; -0,15222986;
1798,000000; -0,15222986;
1799,000000; -0,15222986;
1800,000000; -0,13656079;
1801,000000; -0,13656079;
1802,000000; -0,13656079;
1803,000000; -0,04096041;
1804,000000; -0,14808538;
1805,000000; -0,14808538;
1806,000000; -0,14808538;
1807,000000; -0,14808538;
1808,000000; -0,14862510;
1809,000000; -0,14862510;
1810,000000; -0,14862510;
1811,000000; -0,14862510;
1812,000000; -0,14862510;
1813,000000; -0,14862510;
1814,000000; -0,14862510;
1815,000000; -0,14862510;
1816,000000; -0,14827512;
1817,000000; -0,14843051;
1818,000000; -0,14843051;
1819,000000; -0,14843051;
1820,000000; -0,14834381;
1821,000000; -0,14838580;
1822,000000; -0,14838580;
1823,000000; -0,14838580;
1824,000000; -0,14838580;
1825,000000; -0,14838580;
1826,000000; -0,05167839;
1827,000000; -0,14255137;
1828,000000; -0,13253875;
1829,000000; -0,14838580;
1830,000000; -0,14838580;
1831,000000; -0,14838580;
1832,000000; -0,14838580;
1833,000000; -0,14838580;
1834,000000; -0,14838580;
1835,000000; -0,14838580;
1836,000000; -0,14838580;
1837,000000; -0,14838580;
1838,000000; -0,14838580;
1839,000000; -0,14838580;
1840,000000; -0,14838580;
1841,000000; -0,14838580;
1842,000000; -0,14838580;
1843,000000; -0,14838580;
1844,000000; -0,14838580;
1845,000000; -0,14838580;
1846,000000; -0,14838580;
1847,000000; -0,14838580;
1848,000000; -0,14838580;
1849,000000; -0,14838580;
1850,000000; -0,14838580;
1851,000000; -0,14838580;
1852,000000; -0,14838580;
1853,000000; -0,14838580;
1854,000000; -0,14838580;
1855,000000; -0,14838580;
1856,000000; -0,14838580;
1857,000000; -0,14838580;
1858,000000; -0,14838580;
1859,000000; -0,14838580;
1860,000000; -0,14838580;
1861,000000; -0,14810197;
1862,000000; -0,14806861;
1863,000000; -0,14806861;
1864,000000; -0,14747188;
1865,000000; -0,14747188;
1866,000000; -0,14753797;
1867,000000; -0,14753797;
1868,000000; -0,14753797;
1869,000000; -0,08652733;
1870,000000; -0,14750601;
1871,000000; -0,14751569;
1872,000000; -0,14751569;
1873,000000; -0,14751569;
1874,000000; -0,14751569;
1875,000000; -0,14751569;
1876,000000; -0,14751569;
1877,000000; -0,14751569;
1878,000000; -0,14751569;
1879,000000; -0,14751569;
1880,000000; -0,14751569;
1881,000000; -0,14751569;
1882,000000; -0,14751569;
1883,000000; -0,14751569;
1884,000000; -0,14751569;
1885,000000; -0,14751569;
1886,000000; -0,14751569;
1887,000000; -0,14751569;
1888,000000; -0,14751569;
1889,000000; -0,14751569;
1890,000000; -0,14751569;
1891,000000; -0,14751569;
1892,000000; -0,14751569;
1893,000000; -0,14751569;
1894,000000; -0,14751569;
1895,000000; -0,14751569;
1896,000000; -0,14751569;
1897,000000; -0,14751569;
1898,000000; -0,14751569;
1899,000000; -0,14751569;
1900,000000; -0,14751569;
1901,000000; -0,14751569;
1902,000000; -0,14751569;
1903,000000; -0,14751569;
1904,000000; -0,14751569;
1905,000000; -0,14751569;
1906,000000; -0,14751569;
1907,000000; -0,14751569;
1908,000000; -0,14751569;
1909,000000; -0,14751569;
1910,000000; -0,14751569;
1911,000000; -0,14751569;
1912,000000; -0,14751569;
1913,000000; -0,14751569;
1914,000000; -0,14751569;
1915,000000; -0,14751569;
1916,000000; -0,14751569;
1917,000000; -0,14751569;
1918,000000; -0,14751569;
1919,000000; -0,14751569;
1920,000000; -0,14751569;
1921,000000; -0,14751569;
1922,000000; -0,14751569;
1923,000000; -0,14751569;
1924,000000; -0,14751569;
1925,000000; -0,14751569;
1926,000000; -0,14751569;
1927,000000; -0,14751569;
1928,000000; -0,14751569;
1929,000000; -0,14751569;
1930,000000; -0,14751569;
1931,000000; -0,14751569;
1932,000000; -0,14751569;
1933,000000; -0,14751569;
1934,000000; -0,14751569;
1935,000000; -0,14751569;
1936,000000; -0,14751569;
1937,000000; -0,14751569;
1938,000000; -0,14751569;
1939,000000; -0,14751569;
1940,000000; -0,14751569;
1941,000000; -0,14751569;
1942,000000; -0,14751569;
1943,000000; -0,14751569;
1944,000000; -0,14751569;
1945,000000; -0,14751569;
1946,000000; -0,14751569;
1947,000000; -0,14751569;
1948,000000; -0,14751569;
1949,000000; -0,14751569;
1950,000000; -0,10024078;
1951,000000; -0,10024078;
1952,000000; -0,10024078;
1953,000000; -0,14816179;
1954,000000; -0,14816179;
1955,000000; -0,14816179;
1956,000000; -0,14816179;
1957,000000; -0,14816179;
1958,000000; -0,14816179;
1959,000000; -0,14816179;
1960,000000; -0,14816179;
1961,000000; -0,14816179;
1962,000000; -0,14816179;
1963,000000; -0,14816179;
1964,000000; -0,14816179;
1965,000000; -0,14816179;
1966,000000; -0,14816179;
1967,000000; -0,14816179;
1968,000000; -0,14816179;
1969,000000; -0,14816179;
1970,000000; -0,14816179;
1971,000000; -0,14816179;
1972,000000; -0,14816179;
1973,000000; -0,14816179;
1974,000000; -0,14816179;
1975,000000; -0,11997886;
1976,000000; -0,14816179;
1977,000000; -0,14816179;
1978,000000; -0,14816179;
1979,000000; -0,14816179;
1980,000000; -0,14816179;
1981,000000; -0,14816179;
1982,000000; -0,14816179;
1983,000000; -0,14816179;
1984,000000; -0,14816179;
1985,000000; -0,14816179;
1986,000000; -0,14816179;
1987,000000; -0,14816179;
1988,000000; -0,14816179;
1989,000000; -0,14816179;
1990,000000; -0,14816179;
1991,000000; -0,14816179;
1992,000000; -0,14816179;
1993,000000; -0,14816179;
1994,000000; -0,14816179;
1995,000000; -0,14816179;
1996,000000; -0,14816179;
1997,000000; -0,14816179;
1998,000000; -0,14757896;
1999,000000; -0,14755420;
2000,000000; -0,14755420;
2001,000000; -0,14755420;
2002,000000; -0,14755420;
2003,000000; -0,14755420;
2004,000000; -0,14755420;
2005,000000; -0,14755420;
2006,000000; -0,14755420;
2007,000000; -0,14755420;
2008,000000; -0,14755420;
2009,000000; -0,14755420;
2010,000000; -0,04957990;
2011,000000; -0,14755420;
2012,000000; -0,14755420;
2013,000000; -0,14755420;
2014,000000; -0,14755420;
2015,000000; -0,14755420;
2016,000000; -0,14755420;
2017,000000; -0,14755420;
2018,000000; -0,14755420;
2019,000000; -0,14755420;
2020,000000; -0,14755420;
2021,000000; -0,14750480;
2022,000000; -0,14749097;
2023,000000; -0,14749097;
2024,000000; -0,14749097;
2025,000000; -0,14749097;
2026,000000; -0,14749097;
2027,000000; -0,14749097;
2028,000000; -0,14749097;
2029,000000; -0,14749097;
2030,000000; -0,14749097;
2031,000000; -0,14749097;
2032,000000; -0,14749097;
2033,000000; -0,14749097;
2034,000000; -0,14749097;
2035,000000; -0,14749097;
2036,000000; -0,14749097;
2037,000000; -0,14749097;
2038,000000; -0,14749097;
2039,000000; -0,14749097;
2040,000000; -0,14749097;
2041,000000; -0,14749097;
2042,000000; -0,14749097;
2043,000000; -0,14749097;
2044,000000; -0,14749097;
2045,000000; -0,14749097;
2046,000000; -0,14749097;
2047,000000; -0,14749097;
2048,000000; -0,14749097;
2049,000000; -0,14749097;
2050,000000; -0,14749097;
2051,000000; -0,14749097;
2052,000000; -0,14749097;
2053,000000; -0,14749097;
2054,000000; -0,14749097;
2055,000000; -0,14749097;
2056,000000; -0,14749097;
2057,000000; -0,14749097;
2058,000000; -0,14749097;
2059,000000; -0,14749097;
2060,000000; -0,14749097;
2061,000000; -0,14749097;
2062,000000; -0,14749097;
2063,000000; -0,14749097;
2064,000000; -0,14749097;
2065,000000; -0,14749097;
2066,000000; -0,14749097;
2067,000000; -0,14749097;
2068,000000; -0,14749097;
2069,000000; -0,14749097;
2070,000000; -0,14749097;
2071,000000; -0,14749097;
2072,000000; -0,14749097;
2073,000000; -0,14749097;
2074,000000; -0,14749097;
2075,000000; -0,14749097;
2076,000000; -0,14749097;
2077,000000; -0,14749097;
2078,000000; -0,14749097;
2079,000000; -0,14749097;
2080,000000; -0,14749097;
2081,000000; -0,14749097;
2082,000000; -0,14749097;
2083,000000; -0,14749097;
2084,000000; -0,14743627;
2085,000000; -0,14744281;
2086,000000; -0,14744281;
2087,000000; -0,14744281;
2088,000000; -0,14744656;
2089,000000; -0,14744656;
2090,000000; -0,14744759;
2091,000000; -0,14744759;
2092,000000; -0,14744759;
2093,000000; -0,14744759;
2094,000000; -0,14744759;
2095,000000; -0,14744759;
2096,000000; -0,14744759;
2097,000000; -0,14744759;
2098,000000; -0,14744759;
2099,000000; -0,14744759;
2100,000000; -0,14744759;
2101,000000; -0,14744759;
2102,000000; -0,14744759;
2103,000000; -0,14744759;
2104,000000; -0,14744759;
2105,000000; -0,14744759;
2106,000000; -0,14744759;
2107,000000; -0,14744759;
2108,000000; -0,14744759;
2109,000000; -0,14744759;
2110,000000; -0,14744759;
2111,000000; -0,14744759;
2112,000000; -0,14744759;
2113,000000; -0,14744759;
2114,000000; -0,14744759;
2115,000000; -0,14744759;
2116,000000; -0,14744759;
2117,000000; -0,14744759;
2118,000000; -0,14744759;
2119,000000; -0,14744759;
2120,000000; -0,14744759;
2121,000000; -0,14744759;
2122,000000; -0,14744759;
2123,000000; -0,14744759;
2124,000000; -0,14744759;
2125,000000; -0,14744759;
2126,000000; -0,14744759;
2127,000000; -0,14744759;
2128,000000; -0,14744759;
2129,000000; -0,14744759;
2130,000000; -0,14744759;
2131,000000; -0,14744759;
2132,000000; -0,14744759;
2133,000000; -0,14744759;
2134,000000; -0,14744759;
2135,000000; -0,14744759;
2136,000000; -0,14744759;
2137,000000; -0,14744759;
2138,000000; -0,14744759;
2139,000000; -0,14744759;
2140,000000; -0,14744759;
2141,000000; -0,14744759;
2142,000000; -0,11206352;
2143,000000; -0,11206352;
2144,000000; -0,14744759;
2145,000000; -0,14744759;
2146,000000; -0,14744759;
2147,000000; -0,14744759;
2148,000000; -0,14744759;
2149,000000; -0,14744759;
2150,000000; -0,14744759;
2151,000000; -0,14744759;
2152,000000; -0,14744759;
2153,000000; -0,14744759;
2154,000000; -0,14744759;
2155,000000; -0,14744759;
2156,000000; -0,14744759;
2157,000000; -0,14744759;
2158,000000; -0,14744759;
2159,000000; -0,14744759;
2160,000000; -0,14744759;
2161,000000; -0,14744759;
2162,000000; -0,14744759;
2163,000000; -0,14744759;
2164,000000; -0,14744759;
2165,000000; -0,14744759;
2166,000000; -0,14744759;
2167,000000; -0,14744759;
2168,000000; -0,14744759;
2169,000000; -0,14744759;
2170,000000; -0,14744759;
2171,000000; -0,14744759;
2172,000000; -0,10937350;
2173,000000; -0,14744759;
2174,000000; -0,14744759;
2175,000000; -0,14744759;
2176,000000; -0,14744759;
2177,000000; -0,14744759;
2178,000000; -0,14744759;
2179,000000; -0,14744759;
2180,000000; -0,14744759;
2181,000000; -0,14744759;
2182,000000; -0,14744759;
2183,000000; -0,14744759;
2184,000000; -0,14744759;
2185,000000; -0,14744759;
2186,000000; -0,14744759;
2187,000000; -0,14744759;
2188,000000; -0,14744759;
2189,000000; -0,14744759;
2190,000000; -0,14744759;
2191,000000; -0,14744759;
2192,000000; -0,14744759;
